//AimAtt600PN.inc
#declare AimAttTStart=-1450.308;
#declare AimAttTEnd=  4350.692;
#declare AimAttTNum=  5802;
#declare SofieObsStart=  -390.791;
#declare SofieObsEnd=    -267.791;
#declare SofieCalEnd=    -235.791;
#declare SofieCalStartS= 3136.407;
#declare SofieObsStartS= 3168.407;
#declare SofieObsEndS=   3291.407;
#declare CipsObs=array[36][2] {
  {-229.340,0},
  {-185.840,1},
  {-142.340,1},
  {-98.840,1},
  {-55.340,1},
  {-11.840,1},
  { 31.660,1},
  { 75.160,1},
  {118.660,1},
  {162.160,1},
  {205.660,0},
  {249.160,0},
  {292.660,0},
  {336.160,0},
  {379.660,0},
  {423.160,0},
  {466.660,0},
  {510.160,0},
  {553.660,0},
  {597.160,0},
  {640.660,0},
  {684.160,0},
  {727.660,0},
  {771.160,0},
  {814.660,0},
  {858.160,0},
  {901.660,0},
  {945.160,0},
  {988.660,0},
  {1032.160,0},
  {1075.660,0},
  {1119.160,0},
  {1162.660,0},
  {1206.160,0},
  {1249.660,0},
  {1293.160,0},
}#declare SunPos=LH(< 0.987688, 0.156434, 0.000000>);
#declare AimAttM=array[AimAttTNum][5] {
//M row 1                         M row 2                         M row 3                         Pos (RH)                                 Vel (RH) {<-0.000000, 0.000000, 1.000000>,< 0.000000, 1.000000,-0.000000>,<-1.000000, 0.000000,-0.000000>,<-6978.137000,    0.000000,    0.000000>,< 0.000000, 0.000000, 7.557865>},
 {<-0.001083, 0.000000, 0.999999>,< 0.000000, 1.000000,-0.000000>,<-0.999999, 0.000000,-0.001083>,<-6978.132907,    0.000000,    7.557864>,< 0.008186, 0.000000, 7.557861>},
 {<-0.002166, 0.000000, 0.999998>,< 0.000000, 1.000000,-0.000000>,<-0.999998, 0.000000,-0.002166>,<-6978.120628,    0.000000,   15.115719>,< 0.016371, 0.000000, 7.557847>},
 {<-0.003249, 0.000000, 0.999995>,< 0.000000, 1.000000,-0.000000>,<-0.999995, 0.000000,-0.003249>,<-6978.100164,    0.000000,   22.673556>,< 0.024557, 0.000000, 7.557825>},
 {<-0.004332, 0.000000, 0.999991>,< 0.000000, 1.000000,-0.000000>,<-0.999991, 0.000000,-0.004332>,<-6978.071514,    0.000000,   30.231366>,< 0.032743, 0.000000, 7.557794>},
 {<-0.005415, 0.000000, 0.999985>,< 0.000000, 1.000000,-0.000000>,<-0.999985, 0.000000,-0.005415>,<-6978.034678,    0.000000,   37.789141>,< 0.040929, 0.000000, 7.557754>},
 {<-0.006498, 0.000000, 0.999979>,< 0.000000, 1.000000,-0.000000>,<-0.999979, 0.000000,-0.006498>,<-6977.989657,    0.000000,   45.346872>,< 0.049114, 0.000000, 7.557706>},
 {<-0.007581, 0.000000, 0.999971>,< 0.000000, 1.000000,-0.000000>,<-0.999971, 0.000000,-0.007581>,<-6977.936450,    0.000000,   52.904550>,< 0.057300, 0.000000, 7.557648>},
 {<-0.008665, 0.000000, 0.999962>,< 0.000000, 1.000000,-0.000000>,<-0.999962, 0.000000,-0.008665>,<-6977.875057,    0.000000,   60.462165>,< 0.065485, 0.000000, 7.557581>},
 {<-0.009748, 0.000000, 0.999952>,< 0.000000, 1.000000,-0.000000>,<-0.999952, 0.000000,-0.009748>,<-6977.805480,    0.000000,   68.019710>,< 0.073671, 0.000000, 7.557506>},
 {<-0.010831, 0.000000, 0.999941>,< 0.000000, 1.000000,-0.000000>,<-0.999941, 0.000000,-0.010831>,<-6977.727716,    0.000000,   75.577174>,< 0.081856, 0.000000, 7.557422>},
 {<-0.011914, 0.000000, 0.999929>,< 0.000000, 1.000000,-0.000000>,<-0.999929, 0.000000,-0.011914>,<-6977.641768,    0.000000,   83.134551>,< 0.090041, 0.000000, 7.557329>},
 {<-0.012997, 0.000000, 0.999916>,< 0.000000, 1.000000,-0.000000>,<-0.999916, 0.000000,-0.012997>,<-6977.547634,    0.000000,   90.691829>,< 0.098226, 0.000000, 7.557227>},
 {<-0.014080, 0.000000, 0.999901>,< 0.000000, 1.000000,-0.000000>,<-0.999901, 0.000000,-0.014080>,<-6977.445315,    0.000000,   98.249001>,< 0.106411, 0.000000, 7.557116>},
 {<-0.015163, 0.000000, 0.999885>,< 0.000000, 1.000000,-0.000000>,<-0.999885, 0.000000,-0.015163>,<-6977.334811,    0.000000,  105.806058>,< 0.114596, 0.000000, 7.556996>},
 {<-0.016245, 0.000000, 0.999868>,< 0.000000, 1.000000,-0.000000>,<-0.999868, 0.000000,-0.016245>,<-6977.216123,    0.000000,  113.362991>,< 0.122781, 0.000000, 7.556868>},
 {<-0.017328, 0.000000, 0.999850>,< 0.000000, 1.000000,-0.000000>,<-0.999850, 0.000000,-0.017328>,<-6977.089249,    0.000000,  120.919791>,< 0.130966, 0.000000, 7.556730>},
 {<-0.018411, 0.000000, 0.999830>,< 0.000000, 1.000000,-0.000000>,<-0.999830, 0.000000,-0.018411>,<-6976.954192,    0.000000,  128.476449>,< 0.139150, 0.000000, 7.556584>},
 {<-0.019494, 0.000000, 0.999810>,< 0.000000, 1.000000,-0.000000>,<-0.999810, 0.000000,-0.019494>,<-6976.810950,    0.000000,  136.032956>,< 0.147334, 0.000000, 7.556429>},
 {<-0.020577, 0.000000, 0.999788>,< 0.000000, 1.000000,-0.000000>,<-0.999788, 0.000000,-0.020577>,<-6976.659523,    0.000000,  143.589304>,< 0.155518, 0.000000, 7.556265>},
 {<-0.021660, 0.000000, 0.999765>,< 0.000000, 1.000000,-0.000000>,<-0.999765, 0.000000,-0.021660>,<-6976.499913,    0.000000,  151.145483>,< 0.163702, 0.000000, 7.556092>},
 {<-0.022743, 0.000000, 0.999741>,< 0.000000, 1.000000,-0.000000>,<-0.999741, 0.000000,-0.022743>,<-6976.332119,    0.000000,  158.701485>,< 0.171886, 0.000000, 7.555910>},
 {<-0.023825, 0.000000, 0.999716>,< 0.000000, 1.000000,-0.000000>,<-0.999716, 0.000000,-0.023825>,<-6976.156141,    0.000000,  166.257301>,< 0.180070, 0.000000, 7.555720>},
 {<-0.024908, 0.000000, 0.999690>,< 0.000000, 1.000000,-0.000000>,<-0.999690, 0.000000,-0.024908>,<-6975.971980,    0.000000,  173.812922>,< 0.188253, 0.000000, 7.555520>},
 {<-0.025991, 0.000000, 0.999662>,< 0.000000, 1.000000,-0.000000>,<-0.999662, 0.000000,-0.025991>,<-6975.779635,    0.000000,  181.368339>,< 0.196436, 0.000000, 7.555312>},
 {<-0.027074, 0.000000, 0.999633>,< 0.000000, 1.000000,-0.000000>,<-0.999633, 0.000000,-0.027074>,<-6975.579108,    0.000000,  188.923543>,< 0.204619, 0.000000, 7.555095>},
 {<-0.028156, 0.000000, 0.999604>,< 0.000000, 1.000000,-0.000000>,<-0.999604, 0.000000,-0.028156>,<-6975.370397,    0.000000,  196.478525>,< 0.212802, 0.000000, 7.554869>},
 {<-0.029239, 0.000000, 0.999572>,< 0.000000, 1.000000,-0.000000>,<-0.999572, 0.000000,-0.029239>,<-6975.153505,    0.000000,  204.033277>,< 0.220984, 0.000000, 7.554634>},
 {<-0.030322, 0.000000, 0.999540>,< 0.000000, 1.000000,-0.000000>,<-0.999540, 0.000000,-0.030322>,<-6974.928430,    0.000000,  211.587790>,< 0.229166, 0.000000, 7.554390>},
 {<-0.031404, 0.000000, 0.999507>,< 0.000000, 1.000000,-0.000000>,<-0.999507, 0.000000,-0.031404>,<-6974.695173,    0.000000,  219.142055>,< 0.237348, 0.000000, 7.554137>},
 {<-0.032487, 0.000000, 0.999472>,< 0.000000, 1.000000,-0.000000>,<-0.999472, 0.000000,-0.032487>,<-6974.453734,    0.000000,  226.696062>,< 0.245529, 0.000000, 7.553876>},
 {<-0.033569, 0.000000, 0.999436>,< 0.000000, 1.000000,-0.000000>,<-0.999436, 0.000000,-0.033569>,<-6974.204114,    0.000000,  234.249804>,< 0.253711, 0.000000, 7.553606>},
 {<-0.034652, 0.000000, 0.999399>,< 0.000000, 1.000000,-0.000000>,<-0.999399, 0.000000,-0.034652>,<-6973.946312,    0.000000,  241.803270>,< 0.261892, 0.000000, 7.553326>},
 {<-0.035734, 0.000000, 0.999361>,< 0.000000, 1.000000,-0.000000>,<-0.999361, 0.000000,-0.035734>,<-6973.680330,    0.000000,  249.356453>,< 0.270072, 0.000000, 7.553038>},
 {<-0.036816, 0.000000, 0.999322>,< 0.000000, 1.000000,-0.000000>,<-0.999322, 0.000000,-0.036816>,<-6973.406168,    0.000000,  256.909344>,< 0.278253, 0.000000, 7.552741>},
 {<-0.037899, 0.000000, 0.999282>,< 0.000000, 1.000000,-0.000000>,<-0.999282, 0.000000,-0.037899>,<-6973.123825,    0.000000,  264.461933>,< 0.286433, 0.000000, 7.552436>},
 {<-0.038981, 0.000000, 0.999240>,< 0.000000, 1.000000,-0.000000>,<-0.999240, 0.000000,-0.038981>,<-6972.833302,    0.000000,  272.014212>,< 0.294613, 0.000000, 7.552121>},
 {<-0.040063, 0.000000, 0.999197>,< 0.000000, 1.000000,-0.000000>,<-0.999197, 0.000000,-0.040063>,<-6972.534600,    0.000000,  279.566172>,< 0.302792, 0.000000, 7.551797>},
 {<-0.041145, 0.000000, 0.999153>,< 0.000000, 1.000000,-0.000000>,<-0.999153, 0.000000,-0.041145>,<-6972.227718,    0.000000,  287.117804>,< 0.310971, 0.000000, 7.551465>},
 {<-0.042227, 0.000000, 0.999108>,< 0.000000, 1.000000,-0.000000>,<-0.999108, 0.000000,-0.042227>,<-6971.912658,    0.000000,  294.669099>,< 0.319150, 0.000000, 7.551124>},
 {<-0.043310, 0.000000, 0.999062>,< 0.000000, 1.000000,-0.000000>,<-0.999062, 0.000000,-0.043310>,<-6971.589419,    0.000000,  302.220048>,< 0.327328, 0.000000, 7.550774>},
 {<-0.044392, 0.000000, 0.999014>,< 0.000000, 1.000000,-0.000000>,<-0.999014, 0.000000,-0.044392>,<-6971.258003,    0.000000,  309.770643>,< 0.335506, 0.000000, 7.550415>},
 {<-0.045474, 0.000000, 0.998966>,< 0.000000, 1.000000,-0.000000>,<-0.998966, 0.000000,-0.045474>,<-6970.918408,    0.000000,  317.320875>,< 0.343683, 0.000000, 7.550047>},
 {<-0.046556, 0.000000, 0.998916>,< 0.000000, 1.000000,-0.000000>,<-0.998916, 0.000000,-0.046556>,<-6970.570636,    0.000000,  324.870734>,< 0.351860, 0.000000, 7.549670>},
 {<-0.047637, 0.000000, 0.998865>,< 0.000000, 1.000000,-0.000000>,<-0.998865, 0.000000,-0.047637>,<-6970.214688,    0.000000,  332.420212>,< 0.360037, 0.000000, 7.549285>},
 {<-0.048719, 0.000000, 0.998813>,< 0.000000, 1.000000,-0.000000>,<-0.998813, 0.000000,-0.048719>,<-6969.850563,    0.000000,  339.969301>,< 0.368213, 0.000000, 7.548890>},
 {<-0.049801, 0.000000, 0.998759>,< 0.000000, 1.000000,-0.000000>,<-0.998759, 0.000000,-0.049801>,<-6969.478261,    0.000000,  347.517990>,< 0.376389, 0.000000, 7.548487>},
 {<-0.050883, 0.000000, 0.998705>,< 0.000000, 1.000000,-0.000000>,<-0.998705, 0.000000,-0.050883>,<-6969.097785,    0.000000,  355.066272>,< 0.384564, 0.000000, 7.548075>},
 {<-0.051964, 0.000000, 0.998649>,< 0.000000, 1.000000,-0.000000>,<-0.998649, 0.000000,-0.051964>,<-6968.709133,    0.000000,  362.614137>,< 0.392739, 0.000000, 7.547654>},
 {<-0.053046, 0.000000, 0.998592>,< 0.000000, 1.000000,-0.000000>,<-0.998592, 0.000000,-0.053046>,<-6968.312306,    0.000000,  370.161577>,< 0.400914, 0.000000, 7.547224>},
 {<-0.054127, 0.000000, 0.998534>,< 0.000000, 1.000000,-0.000000>,<-0.998534, 0.000000,-0.054127>,<-6967.907305,    0.000000,  377.708583>,< 0.409088, 0.000000, 7.546786>},
 {<-0.055209, 0.000000, 0.998475>,< 0.000000, 1.000000,-0.000000>,<-0.998475, 0.000000,-0.055209>,<-6967.494131,    0.000000,  385.255146>,< 0.417261, 0.000000, 7.546338>},
 {<-0.056290, 0.000000, 0.998414>,< 0.000000, 1.000000,-0.000000>,<-0.998414, 0.000000,-0.056290>,<-6967.072783,    0.000000,  392.801256>,< 0.425434, 0.000000, 7.545882>},
 {<-0.057372, 0.000000, 0.998353>,< 0.000000, 1.000000,-0.000000>,<-0.998353, 0.000000,-0.057372>,<-6966.643262,    0.000000,  400.346906>,< 0.433607, 0.000000, 7.545417>},
 {<-0.058453, 0.000000, 0.998290>,< 0.000000, 1.000000,-0.000000>,<-0.998290, 0.000000,-0.058453>,<-6966.205570,    0.000000,  407.892086>,< 0.441779, 0.000000, 7.544943>},
 {<-0.059534, 0.000000, 0.998226>,< 0.000000, 1.000000,-0.000000>,<-0.998226, 0.000000,-0.059534>,<-6965.759705,    0.000000,  415.436788>,< 0.449950, 0.000000, 7.544460>},
 {<-0.060615, 0.000000, 0.998161>,< 0.000000, 1.000000,-0.000000>,<-0.998161, 0.000000,-0.060615>,<-6965.305669,    0.000000,  422.981003>,< 0.458121, 0.000000, 7.543968>},
 {<-0.061696, 0.000000, 0.998095>,< 0.000000, 1.000000,-0.000000>,<-0.998095, 0.000000,-0.061696>,<-6964.843462,    0.000000,  430.524721>,< 0.466292, 0.000000, 7.543467>},
 {<-0.062777, 0.000000, 0.998028>,< 0.000000, 1.000000,-0.000000>,<-0.998028, 0.000000,-0.062777>,<-6964.373086,    0.000000,  438.067934>,< 0.474462, 0.000000, 7.542958>},
 {<-0.063858, 0.000000, 0.997959>,< 0.000000, 1.000000,-0.000000>,<-0.997959, 0.000000,-0.063858>,<-6963.894539,    0.000000,  445.610634>,< 0.482631, 0.000000, 7.542440>},
 {<-0.064939, 0.000000, 0.997889>,< 0.000000, 1.000000,-0.000000>,<-0.997889, 0.000000,-0.064939>,<-6963.407824,    0.000000,  453.152810>,< 0.490800, 0.000000, 7.541912>},
 {<-0.066020, 0.000000, 0.997818>,< 0.000000, 1.000000,-0.000000>,<-0.997818, 0.000000,-0.066020>,<-6962.912940,    0.000000,  460.694456>,< 0.498968, 0.000000, 7.541376>},
 {<-0.067100, 0.000000, 0.997746>,< 0.000000, 1.000000,-0.000000>,<-0.997746, 0.000000,-0.067100>,<-6962.409888,    0.000000,  468.235560>,< 0.507136, 0.000000, 7.540832>},
 {<-0.068181, 0.000000, 0.997673>,< 0.000000, 1.000000,-0.000000>,<-0.997673, 0.000000,-0.068181>,<-6961.898669,    0.000000,  475.776116>,< 0.515303, 0.000000, 7.540278>},
 {<-0.069261, 0.000000, 0.997599>,< 0.000000, 1.000000,-0.000000>,<-0.997599, 0.000000,-0.069261>,<-6961.379283,    0.000000,  483.316113>,< 0.523469, 0.000000, 7.539715>},
 {<-0.070342, 0.000000, 0.997523>,< 0.000000, 1.000000,-0.000000>,<-0.997523, 0.000000,-0.070342>,<-6960.851731,    0.000000,  490.855543>,< 0.531635, 0.000000, 7.539144>},
 {<-0.071422, 0.000000, 0.997446>,< 0.000000, 1.000000,-0.000000>,<-0.997446, 0.000000,-0.071422>,<-6960.316014,    0.000000,  498.394398>,< 0.539800, 0.000000, 7.538564>},
 {<-0.072503, 0.000000, 0.997368>,< 0.000000, 1.000000,-0.000000>,<-0.997368, 0.000000,-0.072503>,<-6959.772132,    0.000000,  505.932668>,< 0.547964, 0.000000, 7.537975>},
 {<-0.073583, 0.000000, 0.997289>,< 0.000000, 1.000000,-0.000000>,<-0.997289, 0.000000,-0.073583>,<-6959.220085,    0.000000,  513.470344>,< 0.556128, 0.000000, 7.537377>},
 {<-0.074663, 0.000000, 0.997209>,< 0.000000, 1.000000,-0.000000>,<-0.997209, 0.000000,-0.074663>,<-6958.659875,    0.000000,  521.007418>,< 0.564292, 0.000000, 7.536770>},
 {<-0.075743, 0.000000, 0.997127>,< 0.000000, 1.000000,-0.000000>,<-0.997127, 0.000000,-0.075743>,<-6958.091502,    0.000000,  528.543881>,< 0.572454, 0.000000, 7.536154>},
 {<-0.076823, 0.000000, 0.997045>,< 0.000000, 1.000000,-0.000000>,<-0.997045, 0.000000,-0.076823>,<-6957.514967,    0.000000,  536.079724>,< 0.580616, 0.000000, 7.535530>},
 {<-0.077903, 0.000000, 0.996961>,< 0.000000, 1.000000,-0.000000>,<-0.996961, 0.000000,-0.077903>,<-6956.930271,    0.000000,  543.614938>,< 0.588777, 0.000000, 7.534897>},
 {<-0.078982, 0.000000, 0.996876>,< 0.000000, 1.000000,-0.000000>,<-0.996876, 0.000000,-0.078982>,<-6956.337413,    0.000000,  551.149514>,< 0.596938, 0.000000, 7.534255>},
 {<-0.080062, 0.000000, 0.996790>,< 0.000000, 1.000000,-0.000000>,<-0.996790, 0.000000,-0.080062>,<-6955.736395,    0.000000,  558.683444>,< 0.605098, 0.000000, 7.533604>},
 {<-0.081142, 0.000000, 0.996703>,< 0.000000, 1.000000,-0.000000>,<-0.996703, 0.000000,-0.081142>,<-6955.127218,    0.000000,  566.216719>,< 0.613257, 0.000000, 7.532944>},
 {<-0.082221, 0.000000, 0.996614>,< 0.000000, 1.000000,-0.000000>,<-0.996614, 0.000000,-0.082221>,<-6954.509882,    0.000000,  573.749329>,< 0.621415, 0.000000, 7.532275>},
 {<-0.083300, 0.000000, 0.996524>,< 0.000000, 1.000000,-0.000000>,<-0.996524, 0.000000,-0.083300>,<-6953.884388,    0.000000,  581.281266>,< 0.629573, 0.000000, 7.531598>},
 {<-0.084380, 0.000000, 0.996434>,< 0.000000, 1.000000,-0.000000>,<-0.996434, 0.000000,-0.084380>,<-6953.250737,    0.000000,  588.812521>,< 0.637730, 0.000000, 7.530911>},
 {<-0.085459, 0.000000, 0.996342>,< 0.000000, 1.000000,-0.000000>,<-0.996342, 0.000000,-0.085459>,<-6952.608929,    0.000000,  596.343086>,< 0.645886, 0.000000, 7.530216>},
 {<-0.086538, 0.000000, 0.996249>,< 0.000000, 1.000000,-0.000000>,<-0.996249, 0.000000,-0.086538>,<-6951.958965,    0.000000,  603.872951>,< 0.654041, 0.000000, 7.529512>},
 {<-0.087617, 0.000000, 0.996154>,< 0.000000, 1.000000,-0.000000>,<-0.996154, 0.000000,-0.087617>,<-6951.300846,    0.000000,  611.402108>,< 0.662196, 0.000000, 7.528800>},
 {<-0.088696, 0.000000, 0.996059>,< 0.000000, 1.000000,-0.000000>,<-0.996059, 0.000000,-0.088696>,<-6950.634573,    0.000000,  618.930547>,< 0.670350, 0.000000, 7.528078>},
 {<-0.089774, 0.000000, 0.995962>,< 0.000000, 1.000000,-0.000000>,<-0.995962, 0.000000,-0.089774>,<-6949.960147,    0.000000,  626.458261>,< 0.678503, 0.000000, 7.527347>},
 {<-0.090853, 0.000000, 0.995864>,< 0.000000, 1.000000,-0.000000>,<-0.995864, 0.000000,-0.090853>,<-6949.277567,    0.000000,  633.985239>,< 0.686655, 0.000000, 7.526608>},
 {<-0.091932, 0.000000, 0.995765>,< 0.000000, 1.000000,-0.000000>,<-0.995765, 0.000000,-0.091932>,<-6948.586836,    0.000000,  641.511474>,< 0.694807, 0.000000, 7.525860>},
 {<-0.093010, 0.000000, 0.995665>,< 0.000000, 1.000000,-0.000000>,<-0.995665, 0.000000,-0.093010>,<-6947.887954,    0.000000,  649.036956>,< 0.702958, 0.000000, 7.525103>},
 {<-0.094088, 0.000000, 0.995564>,< 0.000000, 1.000000,-0.000000>,<-0.995564, 0.000000,-0.094088>,<-6947.180921,    0.000000,  656.561677>,< 0.711107, 0.000000, 7.524337>},
 {<-0.095167, 0.000000, 0.995461>,< 0.000000, 1.000000,-0.000000>,<-0.995461, 0.000000,-0.095167>,<-6946.465739,    0.000000,  664.085628>,< 0.719256, 0.000000, 7.523563>},
 {<-0.096245, 0.000000, 0.995358>,< 0.000000, 1.000000,-0.000000>,<-0.995358, 0.000000,-0.096245>,<-6945.742409,    0.000000,  671.608800>,< 0.727405, 0.000000, 7.522779>},
 {<-0.097323, 0.000000, 0.995253>,< 0.000000, 1.000000,-0.000000>,<-0.995253, 0.000000,-0.097323>,<-6945.010931,    0.000000,  679.131184>,< 0.735552, 0.000000, 7.521987>},
 {<-0.098401, 0.000000, 0.995147>,< 0.000000, 1.000000,-0.000000>,<-0.995147, 0.000000,-0.098401>,<-6944.271305,    0.000000,  686.652771>,< 0.743698, 0.000000, 7.521186>},
 {<-0.099478, 0.000000, 0.995040>,< 0.000000, 1.000000,-0.000000>,<-0.995040, 0.000000,-0.099478>,<-6943.523534,    0.000000,  694.173553>,< 0.751844, 0.000000, 7.520376>},
 {<-0.100556, 0.000000, 0.994931>,< 0.000000, 1.000000,-0.000000>,<-0.994931, 0.000000,-0.100556>,<-6942.767618,    0.000000,  701.693521>,< 0.759989, 0.000000, 7.519557>},
 {<-0.101634, 0.000000, 0.994822>,< 0.000000, 1.000000,-0.000000>,<-0.994822, 0.000000,-0.101634>,<-6942.003557,    0.000000,  709.212665>,< 0.768132, 0.000000, 7.518730>},
 {<-0.102711, 0.000000, 0.994711>,< 0.000000, 1.000000,-0.000000>,<-0.994711, 0.000000,-0.102711>,<-6941.231353,    0.000000,  716.730977>,< 0.776275, 0.000000, 7.517894>},
 {<-0.103788, 0.000000, 0.994599>,< 0.000000, 1.000000,-0.000000>,<-0.994599, 0.000000,-0.103788>,<-6940.451007,    0.000000,  724.248449>,< 0.784417, 0.000000, 7.517048>},
 {<-0.104865, 0.000000, 0.994486>,< 0.000000, 1.000000,-0.000000>,<-0.994486, 0.000000,-0.104865>,<-6939.662519,    0.000000,  731.765071>,< 0.792558, 0.000000, 7.516194>},
 {<-0.105942, 0.000000, 0.994372>,< 0.000000, 1.000000,-0.000000>,<-0.994372, 0.000000,-0.105942>,<-6938.865890,    0.000000,  739.280835>,< 0.800699, 0.000000, 7.515332>},
 {<-0.107019, 0.000000, 0.994257>,< 0.000000, 1.000000,-0.000000>,<-0.994257, 0.000000,-0.107019>,<-6938.061122,    0.000000,  746.795731>,< 0.808838, 0.000000, 7.514460>},
 {<-0.108096, 0.000000, 0.994140>,< 0.000000, 1.000000,-0.000000>,<-0.994140, 0.000000,-0.108096>,<-6937.248214,    0.000000,  754.309752>,< 0.816976, 0.000000, 7.513579>},
 {<-0.109173, 0.000000, 0.994023>,< 0.000000, 1.000000,-0.000000>,<-0.994023, 0.000000,-0.109173>,<-6936.427170,    0.000000,  761.822887>,< 0.825113, 0.000000, 7.512690>},
 {<-0.110249, 0.000000, 0.993904>,< 0.000000, 1.000000,-0.000000>,<-0.993904, 0.000000,-0.110249>,<-6935.597988,    0.000000,  769.335129>,< 0.833250, 0.000000, 7.511792>},
 {<-0.111326, 0.000000, 0.993784>,< 0.000000, 1.000000,-0.000000>,<-0.993784, 0.000000,-0.111326>,<-6934.760670,    0.000000,  776.846469>,< 0.841385, 0.000000, 7.510885>},
 {<-0.112402, 0.000000, 0.993663>,< 0.000000, 1.000000,-0.000000>,<-0.993663, 0.000000,-0.112402>,<-6933.915218,    0.000000,  784.356897>,< 0.849520, 0.000000, 7.509970>},
 {<-0.113478, 0.000000, 0.993540>,< 0.000000, 1.000000,-0.000000>,<-0.993540, 0.000000,-0.113478>,<-6933.061632,    0.000000,  791.866405>,< 0.857653, 0.000000, 7.509045>},
 {<-0.114554, 0.000000, 0.993417>,< 0.000000, 1.000000,-0.000000>,<-0.993417, 0.000000,-0.114554>,<-6932.199912,    0.000000,  799.374984>,< 0.865785, 0.000000, 7.508112>},
 {<-0.115630, 0.000000, 0.993292>,< 0.000000, 1.000000,-0.000000>,<-0.993292, 0.000000,-0.115630>,<-6931.330061,    0.000000,  806.882625>,< 0.873917, 0.000000, 7.507170>},
 {<-0.116706, 0.000000, 0.993167>,< 0.000000, 1.000000,-0.000000>,<-0.993167, 0.000000,-0.116706>,<-6930.452079,    0.000000,  814.389320>,< 0.882047, 0.000000, 7.506219>},
 {<-0.117781, 0.000000, 0.993040>,< 0.000000, 1.000000,-0.000000>,<-0.993040, 0.000000,-0.117781>,<-6929.565968,    0.000000,  821.895060>,< 0.890176, 0.000000, 7.505259>},
 {<-0.118857, 0.000000, 0.992911>,< 0.000000, 1.000000,-0.000000>,<-0.992911, 0.000000,-0.118857>,<-6928.671727,    0.000000,  829.399835>,< 0.898305, 0.000000, 7.504290>},
 {<-0.119932, 0.000000, 0.992782>,< 0.000000, 1.000000,-0.000000>,<-0.992782, 0.000000,-0.119932>,<-6927.769359,    0.000000,  836.903638>,< 0.906432, 0.000000, 7.503313>},
 {<-0.121007, 0.000000, 0.992652>,< 0.000000, 1.000000,-0.000000>,<-0.992652, 0.000000,-0.121007>,<-6926.858864,    0.000000,  844.406459>,< 0.914558, 0.000000, 7.502327>},
 {<-0.122082, 0.000000, 0.992520>,< 0.000000, 1.000000,-0.000000>,<-0.992520, 0.000000,-0.122082>,<-6925.940244,    0.000000,  851.908289>,< 0.922683, 0.000000, 7.501332>},
 {<-0.123157, 0.000000, 0.992387>,< 0.000000, 1.000000,-0.000000>,<-0.992387, 0.000000,-0.123157>,<-6925.013499,    0.000000,  859.409120>,< 0.930807, 0.000000, 7.500328>},
 {<-0.124232, 0.000000, 0.992253>,< 0.000000, 1.000000,-0.000000>,<-0.992253, 0.000000,-0.124232>,<-6924.078630,    0.000000,  866.908943>,< 0.938930, 0.000000, 7.499316>},
 {<-0.125307, 0.000000, 0.992118>,< 0.000000, 1.000000,-0.000000>,<-0.992118, 0.000000,-0.125307>,<-6923.135639,    0.000000,  874.407749>,< 0.947052, 0.000000, 7.498294>},
 {<-0.126381, 0.000000, 0.991982>,< 0.000000, 1.000000,-0.000000>,<-0.991982, 0.000000,-0.126381>,<-6922.184527,    0.000000,  881.905529>,< 0.955172, 0.000000, 7.497264>},
 {<-0.127456, 0.000000, 0.991844>,< 0.000000, 1.000000,-0.000000>,<-0.991844, 0.000000,-0.127456>,<-6921.225295,    0.000000,  889.402274>,< 0.963292, 0.000000, 7.496225>},
 {<-0.128530, 0.000000, 0.991706>,< 0.000000, 1.000000,-0.000000>,<-0.991706, 0.000000,-0.128530>,<-6920.257944,    0.000000,  896.897977>,< 0.971410, 0.000000, 7.495178>},
 {<-0.129604, 0.000000, 0.991566>,< 0.000000, 1.000000,-0.000000>,<-0.991566, 0.000000,-0.129604>,<-6919.282475,    0.000000,  904.392627>,< 0.979528, 0.000000, 7.494121>},
 {<-0.130678, 0.000000, 0.991425>,< 0.000000, 1.000000,-0.000000>,<-0.991425, 0.000000,-0.130678>,<-6918.298889,    0.000000,  911.886216>,< 0.987644, 0.000000, 7.493056>},
 {<-0.131751, 0.000000, 0.991283>,< 0.000000, 1.000000,-0.000000>,<-0.991283, 0.000000,-0.131751>,<-6917.307188,    0.000000,  919.378736>,< 0.995759, 0.000000, 7.491982>},
 {<-0.132825, 0.000000, 0.991140>,< 0.000000, 1.000000,-0.000000>,<-0.991140, 0.000000,-0.132825>,<-6916.307372,    0.000000,  926.870177>,< 1.003873, 0.000000, 7.490899>},
 {<-0.133898, 0.000000, 0.990995>,< 0.000000, 1.000000,-0.000000>,<-0.990995, 0.000000,-0.133898>,<-6915.299443,    0.000000,  934.360530>,< 1.011985, 0.000000, 7.489807>},
 {<-0.134972, 0.000000, 0.990849>,< 0.000000, 1.000000,-0.000000>,<-0.990849, 0.000000,-0.134972>,<-6914.283402,    0.000000,  941.849788>,< 1.020097, 0.000000, 7.488707>},
 {<-0.136045, 0.000000, 0.990703>,< 0.000000, 1.000000,-0.000000>,<-0.990703, 0.000000,-0.136045>,<-6913.259250,    0.000000,  949.337941>,< 1.028207, 0.000000, 7.487598>},
 {<-0.137118, 0.000000, 0.990555>,< 0.000000, 1.000000,-0.000000>,<-0.990555, 0.000000,-0.137118>,<-6912.226989,    0.000000,  956.824980>,< 1.036316, 0.000000, 7.486480>},
 {<-0.138190, 0.000000, 0.990406>,< 0.000000, 1.000000,-0.000000>,<-0.990406, 0.000000,-0.138190>,<-6911.186619,    0.000000,  964.310897>,< 1.044424, 0.000000, 7.485353>},
 {<-0.139263, 0.000000, 0.990255>,< 0.000000, 1.000000,-0.000000>,<-0.990255, 0.000000,-0.139263>,<-6910.138142,    0.000000,  971.795683>,< 1.052530, 0.000000, 7.484217>},
 {<-0.140335, 0.000000, 0.990104>,< 0.000000, 1.000000,-0.000000>,<-0.990104, 0.000000,-0.140335>,<-6909.081559,    0.000000,  979.279329>,< 1.060636, 0.000000, 7.483073>},
 {<-0.141408, 0.000000, 0.989951>,< 0.000000, 1.000000,-0.000000>,<-0.989951, 0.000000,-0.141408>,<-6908.016871,    0.000000,  986.761826>,< 1.068740, 0.000000, 7.481920>},
 {<-0.142480, 0.000000, 0.989798>,< 0.000000, 1.000000,-0.000000>,<-0.989798, 0.000000,-0.142480>,<-6906.944080,    0.000000,  994.243165>,< 1.076843, 0.000000, 7.480758>},
 {<-0.143552, 0.000000, 0.989643>,< 0.000000, 1.000000,-0.000000>,<-0.989643, 0.000000,-0.143552>,<-6905.863186,    0.000000, 1001.723338>,< 1.084944, 0.000000, 7.479587>},
 {<-0.144623, 0.000000, 0.989487>,< 0.000000, 1.000000,-0.000000>,<-0.989487, 0.000000,-0.144623>,<-6904.774191,    0.000000, 1009.202336>,< 1.093045, 0.000000, 7.478408>},
 {<-0.145695, 0.000000, 0.989330>,< 0.000000, 1.000000,-0.000000>,<-0.989330, 0.000000,-0.145695>,<-6903.677097,    0.000000, 1016.680150>,< 1.101144, 0.000000, 7.477219>},
 {<-0.146767, 0.000000, 0.989171>,< 0.000000, 1.000000,-0.000000>,<-0.989171, 0.000000,-0.146767>,<-6902.571905,    0.000000, 1024.156772>,< 1.109241, 0.000000, 7.476022>},
 {<-0.147838, 0.000000, 0.989012>,< 0.000000, 1.000000,-0.000000>,<-0.989012, 0.000000,-0.147838>,<-6901.458615,    0.000000, 1031.632192>,< 1.117338, 0.000000, 7.474817>},
 {<-0.148909, 0.000000, 0.988851>,< 0.000000, 1.000000,-0.000000>,<-0.988851, 0.000000,-0.148909>,<-6900.337229,    0.000000, 1039.106402>,< 1.125433, 0.000000, 7.473602>},
 {<-0.149980, 0.000000, 0.988689>,< 0.000000, 1.000000,-0.000000>,<-0.988689, 0.000000,-0.149980>,<-6899.207749,    0.000000, 1046.579393>,< 1.133527, 0.000000, 7.472379>},
 {<-0.151051, 0.000000, 0.988526>,< 0.000000, 1.000000,-0.000000>,<-0.988526, 0.000000,-0.151051>,<-6898.070176,    0.000000, 1054.051157>,< 1.141619, 0.000000, 7.471147>},
 {<-0.152121, 0.000000, 0.988362>,< 0.000000, 1.000000,-0.000000>,<-0.988362, 0.000000,-0.152121>,<-6896.924511,    0.000000, 1061.521683>,< 1.149711, 0.000000, 7.469906>},
 {<-0.153191, 0.000000, 0.988197>,< 0.000000, 1.000000,-0.000000>,<-0.988197, 0.000000,-0.153191>,<-6895.770755,    0.000000, 1068.990965>,< 1.157800, 0.000000, 7.468656>},
 {<-0.154262, 0.000000, 0.988030>,< 0.000000, 1.000000,-0.000000>,<-0.988030, 0.000000,-0.154262>,<-6894.608910,    0.000000, 1076.458993>,< 1.165889, 0.000000, 7.467398>},
 {<-0.155332, 0.000000, 0.987862>,< 0.000000, 1.000000,-0.000000>,<-0.987862, 0.000000,-0.155332>,<-6893.438978,    0.000000, 1083.925758>,< 1.173976, 0.000000, 7.466131>},
 {<-0.156402, 0.000000, 0.987694>,< 0.000000, 1.000000,-0.000000>,<-0.987694, 0.000000,-0.156402>,<-6892.260959,    0.000000, 1091.391251>,< 1.182062, 0.000000, 7.464855>},
 {<-0.157471, 0.000000, 0.987524>,< 0.000000, 1.000000,-0.000000>,<-0.987524, 0.000000,-0.157471>,<-6891.074855,    0.000000, 1098.855464>,< 1.190146, 0.000000, 7.463570>},
 {<-0.158541, 0.000000, 0.987352>,< 0.000000, 1.000000,-0.000000>,<-0.987352, 0.000000,-0.158541>,<-6889.880668,    0.000000, 1106.318389>,< 1.198229, 0.000000, 7.462277>},
 {<-0.159610, 0.000000, 0.987180>,< 0.000000, 1.000000,-0.000000>,<-0.987180, 0.000000,-0.159610>,<-6888.678398,    0.000000, 1113.780015>,< 1.206310, 0.000000, 7.460975>},
 {<-0.160679, 0.000000, 0.987007>,< 0.000000, 1.000000,-0.000000>,<-0.987007, 0.000000,-0.160679>,<-6887.468047,    0.000000, 1121.240335>,< 1.214391, 0.000000, 7.459664>},
 {<-0.161748, 0.000000, 0.986832>,< 0.000000, 1.000000,-0.000000>,<-0.986832, 0.000000,-0.161748>,<-6886.249617,    0.000000, 1128.699339>,< 1.222469, 0.000000, 7.458344>},
 {<-0.162817, 0.000000, 0.986656>,< 0.000000, 1.000000,-0.000000>,<-0.986656, 0.000000,-0.162817>,<-6885.023109,    0.000000, 1136.157020>,< 1.230546, 0.000000, 7.457016>},
 {<-0.163885, 0.000000, 0.986479>,< 0.000000, 1.000000,-0.000000>,<-0.986479, 0.000000,-0.163885>,<-6883.788525,    0.000000, 1143.613368>,< 1.238622, 0.000000, 7.455678>},
 {<-0.164954, 0.000000, 0.986301>,< 0.000000, 1.000000,-0.000000>,<-0.986301, 0.000000,-0.164954>,<-6882.545865,    0.000000, 1151.068374>,< 1.246697, 0.000000, 7.454333>},
 {<-0.166022, 0.000000, 0.986122>,< 0.000000, 1.000000,-0.000000>,<-0.986122, 0.000000,-0.166022>,<-6881.295132,    0.000000, 1158.522030>,< 1.254769, 0.000000, 7.452978>},
 {<-0.167090, 0.000000, 0.985942>,< 0.000000, 1.000000,-0.000000>,<-0.985942, 0.000000,-0.167090>,<-6880.036327,    0.000000, 1165.974327>,< 1.262841, 0.000000, 7.451615>},
 {<-0.168157, 0.000000, 0.985760>,< 0.000000, 1.000000,-0.000000>,<-0.985760, 0.000000,-0.168157>,<-6878.769451,    0.000000, 1173.425256>,< 1.270911, 0.000000, 7.450242>},
 {<-0.169225, 0.000000, 0.985577>,< 0.000000, 1.000000,-0.000000>,<-0.985577, 0.000000,-0.169225>,<-6877.494506,    0.000000, 1180.874809>,< 1.278979, 0.000000, 7.448862>},
 {<-0.170292, 0.000000, 0.985394>,< 0.000000, 1.000000,-0.000000>,<-0.985394, 0.000000,-0.170292>,<-6876.211493,    0.000000, 1188.322976>,< 1.287046, 0.000000, 7.447472>},
 {<-0.171359, 0.000000, 0.985209>,< 0.000000, 1.000000,-0.000000>,<-0.985209, 0.000000,-0.171359>,<-6874.920414,    0.000000, 1195.769750>,< 1.295112, 0.000000, 7.446074>},
 {<-0.172426, 0.000000, 0.985022>,< 0.000000, 1.000000,-0.000000>,<-0.985022, 0.000000,-0.172426>,<-6873.621270,    0.000000, 1203.215121>,< 1.303176, 0.000000, 7.444667>},
 {<-0.173493, 0.000000, 0.984835>,< 0.000000, 1.000000,-0.000000>,<-0.984835, 0.000000,-0.173493>,<-6872.314063,    0.000000, 1210.659080>,< 1.311238, 0.000000, 7.443251>},
 {<-0.174560, 0.000000, 0.984647>,< 0.000000, 1.000000,-0.000000>,<-0.984647, 0.000000,-0.174560>,<-6870.998795,    0.000000, 1218.101619>,< 1.319299, 0.000000, 7.441826>},
 {<-0.175626, 0.000000, 0.984457>,< 0.000000, 1.000000,-0.000000>,<-0.984457, 0.000000,-0.175626>,<-6869.675466,    0.000000, 1225.542729>,< 1.327358, 0.000000, 7.440393>},
 {<-0.176692, 0.000000, 0.984266>,< 0.000000, 1.000000,-0.000000>,<-0.984266, 0.000000,-0.176692>,<-6868.344079,    0.000000, 1232.982402>,< 1.335416, 0.000000, 7.438951>},
 {<-0.177758, 0.000000, 0.984074>,< 0.000000, 1.000000,-0.000000>,<-0.984074, 0.000000,-0.177758>,<-6867.004635,    0.000000, 1240.420628>,< 1.343472, 0.000000, 7.437500>},
 {<-0.178824, 0.000000, 0.983881>,< 0.000000, 1.000000,-0.000000>,<-0.983881, 0.000000,-0.178824>,<-6865.657135,    0.000000, 1247.857400>,< 1.351527, 0.000000, 7.436041>},
 {<-0.179889, 0.000000, 0.983687>,< 0.000000, 1.000000,-0.000000>,<-0.983687, 0.000000,-0.179889>,<-6864.301582,    0.000000, 1255.292707>,< 1.359580, 0.000000, 7.434573>},
 {<-0.180955, 0.000000, 0.983491>,< 0.000000, 1.000000,-0.000000>,<-0.983491, 0.000000,-0.180955>,<-6862.937977,    0.000000, 1262.726542>,< 1.367631, 0.000000, 7.433096>},
 {<-0.182020, 0.000000, 0.983295>,< 0.000000, 1.000000,-0.000000>,<-0.983295, 0.000000,-0.182020>,<-6861.566321,    0.000000, 1270.158895>,< 1.375681, 0.000000, 7.431610>},
 {<-0.183085, 0.000000, 0.983097>,< 0.000000, 1.000000,-0.000000>,<-0.983097, 0.000000,-0.183085>,<-6860.186615,    0.000000, 1277.589759>,< 1.383729, 0.000000, 7.430116>},
 {<-0.184149, 0.000000, 0.982898>,< 0.000000, 1.000000,-0.000000>,<-0.982898, 0.000000,-0.184149>,<-6858.798863,    0.000000, 1285.019124>,< 1.391776, 0.000000, 7.428613>},
 {<-0.185214, 0.000000, 0.982698>,< 0.000000, 1.000000,-0.000000>,<-0.982698, 0.000000,-0.185214>,<-6857.403065,    0.000000, 1292.446982>,< 1.399821, 0.000000, 7.427101>},
 {<-0.186278, 0.000000, 0.982497>,< 0.000000, 1.000000,-0.000000>,<-0.982497, 0.000000,-0.186278>,<-6855.999222,    0.000000, 1299.873323>,< 1.407864, 0.000000, 7.425580>},
 {<-0.187342, 0.000000, 0.982295>,< 0.000000, 1.000000,-0.000000>,<-0.982295, 0.000000,-0.187342>,<-6854.587337,    0.000000, 1307.298140>,< 1.415906, 0.000000, 7.424051>},
 {<-0.188406, 0.000000, 0.982091>,< 0.000000, 1.000000,-0.000000>,<-0.982091, 0.000000,-0.188406>,<-6853.167412,    0.000000, 1314.721423>,< 1.423946, 0.000000, 7.422513>},
 {<-0.189469, 0.000000, 0.981887>,< 0.000000, 1.000000,-0.000000>,<-0.981887, 0.000000,-0.189469>,<-6851.739447,    0.000000, 1322.143164>,< 1.431984, 0.000000, 7.420967>},
 {<-0.190533, 0.000000, 0.981681>,< 0.000000, 1.000000,-0.000000>,<-0.981681, 0.000000,-0.190533>,<-6850.303444,    0.000000, 1329.563354>,< 1.440021, 0.000000, 7.419412>},
 {<-0.191596, 0.000000, 0.981474>,< 0.000000, 1.000000,-0.000000>,<-0.981474, 0.000000,-0.191596>,<-6848.859406,    0.000000, 1336.981984>,< 1.448055, 0.000000, 7.417848>},
 {<-0.192659, 0.000000, 0.981266>,< 0.000000, 1.000000,-0.000000>,<-0.981266, 0.000000,-0.192659>,<-6847.407334,    0.000000, 1344.399046>,< 1.456089, 0.000000, 7.416275>},
 {<-0.193721, 0.000000, 0.981057>,< 0.000000, 1.000000,-0.000000>,<-0.981057, 0.000000,-0.193721>,<-6845.947229,    0.000000, 1351.814531>,< 1.464120, 0.000000, 7.414693>},
 {<-0.194784, 0.000000, 0.980846>,< 0.000000, 1.000000,-0.000000>,<-0.980846, 0.000000,-0.194784>,<-6844.479094,    0.000000, 1359.228430>,< 1.472150, 0.000000, 7.413103>},
 {<-0.195846, 0.000000, 0.980635>,< 0.000000, 1.000000,-0.000000>,<-0.980635, 0.000000,-0.195846>,<-6843.002930,    0.000000, 1366.640734>,< 1.480178, 0.000000, 7.411504>},
 {<-0.196908, 0.000000, 0.980422>,< 0.000000, 1.000000,-0.000000>,<-0.980422, 0.000000,-0.196908>,<-6841.518738,    0.000000, 1374.051436>,< 1.488205, 0.000000, 7.409897>},
 {<-0.197970, 0.000000, 0.980208>,< 0.000000, 1.000000,-0.000000>,<-0.980208, 0.000000,-0.197970>,<-6840.026521,    0.000000, 1381.460525>,< 1.496229, 0.000000, 7.408281>},
 {<-0.199031, 0.000000, 0.979993>,< 0.000000, 1.000000,-0.000000>,<-0.979993, 0.000000,-0.199031>,<-6838.526280,    0.000000, 1388.867994>,< 1.504252, 0.000000, 7.406656>},
 {<-0.200093, 0.000000, 0.979777>,< 0.000000, 1.000000,-0.000000>,<-0.979777, 0.000000,-0.200093>,<-6837.018017,    0.000000, 1396.273834>,< 1.512273, 0.000000, 7.405022>},
 {<-0.201154, 0.000000, 0.979560>,< 0.000000, 1.000000,-0.000000>,<-0.979560, 0.000000,-0.201154>,<-6835.501734,    0.000000, 1403.678036>,< 1.520293, 0.000000, 7.403380>},
 {<-0.202215, 0.000000, 0.979341>,< 0.000000, 1.000000,-0.000000>,<-0.979341, 0.000000,-0.202215>,<-6833.977433,    0.000000, 1411.080592>,< 1.528310, 0.000000, 7.401729>},
 {<-0.203275, 0.000000, 0.979122>,< 0.000000, 1.000000,-0.000000>,<-0.979122, 0.000000,-0.203275>,<-6832.445115,    0.000000, 1418.481492>,< 1.536326, 0.000000, 7.400070>},
 {<-0.204335, 0.000000, 0.978901>,< 0.000000, 1.000000,-0.000000>,<-0.978901, 0.000000,-0.204335>,<-6830.904782,    0.000000, 1425.880728>,< 1.544340, 0.000000, 7.398401>},
 {<-0.205396, 0.000000, 0.978679>,< 0.000000, 1.000000,-0.000000>,<-0.978679, 0.000000,-0.205396>,<-6829.356436,    0.000000, 1433.278291>,< 1.552352, 0.000000, 7.396724>},
 {<-0.206455, 0.000000, 0.978456>,< 0.000000, 1.000000,-0.000000>,<-0.978456, 0.000000,-0.206455>,<-6827.800079,    0.000000, 1440.674173>,< 1.560362, 0.000000, 7.395039>},
 {<-0.207515, 0.000000, 0.978232>,< 0.000000, 1.000000,-0.000000>,<-0.978232, 0.000000,-0.207515>,<-6826.235712,    0.000000, 1448.068366>,< 1.568371, 0.000000, 7.393344>},
 {<-0.208574, 0.000000, 0.978006>,< 0.000000, 1.000000,-0.000000>,<-0.978006, 0.000000,-0.208574>,<-6824.663338,    0.000000, 1455.460859>,< 1.576377, 0.000000, 7.391641>},
 {<-0.209634, 0.000000, 0.977780>,< 0.000000, 1.000000,-0.000000>,<-0.977780, 0.000000,-0.209634>,<-6823.082958,    0.000000, 1462.851645>,< 1.584382, 0.000000, 7.389930>},
 {<-0.210692, 0.000000, 0.977552>,< 0.000000, 1.000000,-0.000000>,<-0.977552, 0.000000,-0.210692>,<-6821.494574,    0.000000, 1470.240716>,< 1.592385, 0.000000, 7.388209>},
 {<-0.211751, 0.000000, 0.977324>,< 0.000000, 1.000000,-0.000000>,<-0.977324, 0.000000,-0.211751>,<-6819.898189,    0.000000, 1477.628061>,< 1.600386, 0.000000, 7.386480>},
 {<-0.212809, 0.000000, 0.977094>,< 0.000000, 1.000000,-0.000000>,<-0.977094, 0.000000,-0.212809>,<-6818.293803,    0.000000, 1485.013673>,< 1.608385, 0.000000, 7.384743>},
 {<-0.213868, 0.000000, 0.976863>,< 0.000000, 1.000000,-0.000000>,<-0.976863, 0.000000,-0.213868>,<-6816.681419,    0.000000, 1492.397543>,< 1.616383, 0.000000, 7.382996>},
 {<-0.214926, 0.000000, 0.976630>,< 0.000000, 1.000000,-0.000000>,<-0.976630, 0.000000,-0.214926>,<-6815.061038,    0.000000, 1499.779663>,< 1.624378, 0.000000, 7.381241>},
 {<-0.215983, 0.000000, 0.976397>,< 0.000000, 1.000000,-0.000000>,<-0.976397, 0.000000,-0.215983>,<-6813.432663,    0.000000, 1507.160023>,< 1.632372, 0.000000, 7.379478>},
 {<-0.217041, 0.000000, 0.976163>,< 0.000000, 1.000000,-0.000000>,<-0.976163, 0.000000,-0.217041>,<-6811.796296,    0.000000, 1514.538615>,< 1.640363, 0.000000, 7.377705>},
 {<-0.218098, 0.000000, 0.975927>,< 0.000000, 1.000000,-0.000000>,<-0.975927, 0.000000,-0.218098>,<-6810.151938,    0.000000, 1521.915431>,< 1.648353, 0.000000, 7.375924>},
 {<-0.219155, 0.000000, 0.975690>,< 0.000000, 1.000000,-0.000000>,<-0.975690, 0.000000,-0.219155>,<-6808.499591,    0.000000, 1529.290461>,< 1.656341, 0.000000, 7.374135>},
 {<-0.220211, 0.000000, 0.975452>,< 0.000000, 1.000000,-0.000000>,<-0.975452, 0.000000,-0.220211>,<-6806.839257,    0.000000, 1536.663697>,< 1.664326, 0.000000, 7.372336>},
 {<-0.221268, 0.000000, 0.975213>,< 0.000000, 1.000000,-0.000000>,<-0.975213, 0.000000,-0.221268>,<-6805.170939,    0.000000, 1544.035131>,< 1.672310, 0.000000, 7.370530>},
 {<-0.222324, 0.000000, 0.974973>,< 0.000000, 1.000000,-0.000000>,<-0.974973, 0.000000,-0.222324>,<-6803.494637,    0.000000, 1551.404753>,< 1.680292, 0.000000, 7.368714>},
 {<-0.223379, 0.000000, 0.974732>,< 0.000000, 1.000000,-0.000000>,<-0.974732, 0.000000,-0.223379>,<-6801.810355,    0.000000, 1558.772556>,< 1.688272, 0.000000, 7.366890>},
 {<-0.224435, 0.000000, 0.974489>,< 0.000000, 1.000000,-0.000000>,<-0.974489, 0.000000,-0.224435>,<-6800.118094,    0.000000, 1566.138530>,< 1.696250, 0.000000, 7.365057>},
 {<-0.225490, 0.000000, 0.974245>,< 0.000000, 1.000000,-0.000000>,<-0.974245, 0.000000,-0.225490>,<-6798.417856,    0.000000, 1573.502667>,< 1.704226, 0.000000, 7.363215>},
 {<-0.226545, 0.000000, 0.974001>,< 0.000000, 1.000000,-0.000000>,<-0.974001, 0.000000,-0.226545>,<-6796.709643,    0.000000, 1580.864958>,< 1.712200, 0.000000, 7.361365>},
 {<-0.227600, 0.000000, 0.973755>,< 0.000000, 1.000000,-0.000000>,<-0.973755, 0.000000,-0.227600>,<-6794.993458,    0.000000, 1588.225394>,< 1.720172, 0.000000, 7.359507>},
 {<-0.228655, 0.000000, 0.973508>,< 0.000000, 1.000000,-0.000000>,<-0.973508, 0.000000,-0.228655>,<-6793.269301,    0.000000, 1595.583968>,< 1.728142, 0.000000, 7.357639>},
 {<-0.229709, 0.000000, 0.973259>,< 0.000000, 1.000000,-0.000000>,<-0.973259, 0.000000,-0.229709>,<-6791.537175,    0.000000, 1602.940670>,< 1.736109, 0.000000, 7.355763>},
 {<-0.230763, 0.000000, 0.973010>,< 0.000000, 1.000000,-0.000000>,<-0.973010, 0.000000,-0.230763>,<-6789.797083,    0.000000, 1610.295491>,< 1.744075, 0.000000, 7.353878>},
 {<-0.231817, 0.000000, 0.972759>,< 0.000000, 1.000000,-0.000000>,<-0.972759, 0.000000,-0.231817>,<-6788.049025,    0.000000, 1617.648424>,< 1.752039, 0.000000, 7.351985>},
 {<-0.232870, 0.000000, 0.972508>,< 0.000000, 1.000000,-0.000000>,<-0.972508, 0.000000,-0.232870>,<-6786.293005,    0.000000, 1624.999459>,< 1.760001, 0.000000, 7.350083>},
 {<-0.233923, 0.000000, 0.972255>,< 0.000000, 1.000000,-0.000000>,<-0.972255, 0.000000,-0.233923>,<-6784.529024,    0.000000, 1632.348587>,< 1.767961, 0.000000, 7.348173>},
 {<-0.234976, 0.000000, 0.972001>,< 0.000000, 1.000000,-0.000000>,<-0.972001, 0.000000,-0.234976>,<-6782.757085,    0.000000, 1639.695801>,< 1.775918, 0.000000, 7.346254>},
 {<-0.236029, 0.000000, 0.971746>,< 0.000000, 1.000000,-0.000000>,<-0.971746, 0.000000,-0.236029>,<-6780.977189,    0.000000, 1647.041091>,< 1.783874, 0.000000, 7.344326>},
 {<-0.237081, 0.000000, 0.971490>,< 0.000000, 1.000000,-0.000000>,<-0.971490, 0.000000,-0.237081>,<-6779.189338,    0.000000, 1654.384450>,< 1.791827, 0.000000, 7.342389>},
 {<-0.238133, 0.000000, 0.971233>,< 0.000000, 1.000000,-0.000000>,<-0.971233, 0.000000,-0.238133>,<-6777.393535,    0.000000, 1661.725867>,< 1.799778, 0.000000, 7.340444>},
