-446582719.930640,1985 NOV 06 17:14:40.069,1985-NOV-06 17:13:44.886,0.145289,0.978319,-0.025383,0.145390,-0.915506,0.276897,-0.291851,0.291659,0.956494,-0.007419,0.277099,-0.091913,-0.956435
-446582479.931440,1985 NOV 06 17:18:40.068,1985-NOV-06 17:17:44.885,0.145423,0.978259,-0.025362,0.145663,-0.915269,0.277134,-0.292368,0.291911,0.956418,-0.007255,0.277615,-0.091986,-0.956278
-446582191.932400,1985 NOV 06 17:23:28.067,1985-NOV-06 17:22:32.884,0.145802,0.978145,-0.025340,0.146057,-0.914818,0.277828,-0.293119,0.292632,0.956200,-0.006982,0.278341,-0.092163,-0.956050
-446581903.933360,1985 NOV 06 17:28:16.066,1985-NOV-06 17:27:20.884,0.145400,0.978259,-0.025341,0.145688,-0.915268,0.277094,-0.292411,0.291861,0.956433,-0.007213,0.277673,-0.091946,-0.956266
-446581615.934320,1985 NOV 06 17:33:04.065,1985-NOV-06 17:32:08.883,0.145591,0.978246,-0.025423,0.145571,-0.915224,0.277446,-0.292212,0.292250,0.956314,-0.007352,0.277407,-0.092128,-0.956325
-446581327.935280,1985 NOV 06 17:37:52.064,1985-NOV-06 17:36:56.882,0.145354,0.978260,-0.025397,0.145719,-0.915276,0.276987,-0.292485,0.291790,0.956454,-0.007328,0.277719,-0.092051,-0.956242
-446581039.936240,1985 NOV 06 17:42:40.063,1985-NOV-06 17:41:44.881,0.145569,0.978222,-0.025387,0.145762,-0.915126,0.277397,-0.292566,0.292198,0.956330,-0.007231,0.277784,-0.092105,-0.956218
-446580751.937200,1985 NOV 06 17:47:28.062,1985-NOV-06 17:46:32.880,0.145477,0.978231,-0.025461,0.145785,-0.915166,0.277196,-0.292631,0.292043,0.956377,-0.007397,0.277815,-0.092231,-0.956197
-446580463.938160,1985 NOV 06 17:52:16.061,1985-NOV-06 17:51:20.879,0.145543,0.978242,-0.025492,0.145638,-0.915214,0.277328,-0.292358,0.292178,0.956335,-0.007481,0.277518,-0.092268,-0.956280
-446580223.938960,1985 NOV 06 17:56:16.061,1985-NOV-06 17:55:20.878,0.145533,0.978248,-0.025423,0.145615,-0.915233,0.277332,-0.292294,0.292140,0.956347,-0.007356,0.277495,-0.092123,-0.956300
-446579935.939920,1985 NOV 06 18:01:04.060,1985-NOV-06 18:00:08.877,0.145477,0.978213,-0.025352,0.145923,-0.915086,0.277216,-0.292864,0.292014,0.956387,-0.007142,0.278111,-0.092056,-0.956128
-446579647.940880,1985 NOV 06 18:05:52.059,1985-NOV-06 18:04:56.876,0.145428,0.978232,-0.025351,0.145841,-0.915163,0.277130,-0.292705,0.291918,0.956416,-0.007179,0.277959,-0.092016,-0.956176
-446579359.941840,1985 NOV 06 18:10:40.058,1985-NOV-06 18:09:44.875,0.145276,0.978312,-0.025390,0.145448,-0.915480,0.276864,-0.291964,0.291636,0.956501,-0.007418,0.277210,-0.091939,-0.956400
-446579071.942800,1985 NOV 06 18:15:28.057,1985-NOV-06 18:14:32.874,0.145466,0.978239,-0.025363,0.145755,-0.915190,0.277209,-0.292545,0.291995,0.956392,-0.007216,0.277787,-0.092026,-0.956225
-446578783.943760,1985 NOV 06 18:20:16.056,1985-NOV-06 18:19:20.873,0.145518,0.978217,-0.025335,0.145854,-0.915102,0.277306,-0.292728,0.292087,0.956365,-0.007117,0.277981,-0.092015,-0.956169
-446578495.944720,1985 NOV 06 18:25:04.055,1985-NOV-06 18:24:08.872,0.145638,0.978217,-0.025357,0.145734,-0.915102,0.277539,-0.292506,0.292321,0.956293,-0.007161,0.277734,-0.092059,-0.956237
-446578255.945520,1985 NOV 06 18:29:04.054,1985-NOV-06 18:28:08.871,0.145491,0.978245,-0.025399,0.145682,-0.915218,0.277252,-0.292416,0.292052,0.956374,-0.007303,0.277634,-0.092084,-0.956263
-446577967.946480,1985 NOV 06 18:33:52.053,1985-NOV-06 18:32:56.870,0.145318,0.978270,-0.025313,0.145703,-0.915307,0.276944,-0.292430,0.291697,0.956484,-0.007180,0.277716,-0.091873,-0.956260
-446577727.947280,1985 NOV 06 18:37:52.052,1985-NOV-06 18:36:56.870,0.145371,0.978259,-0.025369,0.145716,-0.915269,0.277027,-0.292471,0.291814,0.956448,-0.007268,0.277719,-0.092000,-0.956247
-446577439.948240,1985 NOV 06 18:42:40.051,1985-NOV-06 18:41:44.869,0.145467,0.978215,-0.025335,0.145919,-0.915094,0.277202,-0.292850,0.291990,0.956395,-0.007114,0.278109,-0.092019,-0.956132
-446577151.949200,1985 NOV 06 18:47:28.050,1985-NOV-06 18:46:32.868,0.145545,0.978227,-0.025346,0.145758,-0.915143,0.277363,-0.292547,0.292140,0.956349,-0.007159,0.277791,-0.092017,-0.956224
-446576863.950160,1985 NOV 06 18:52:16.049,1985-NOV-06 18:51:20.867,0.145646,0.978236,-0.025461,0.145576,-0.915189,0.277540,-0.292233,0.292366,0.956278,-0.007408,0.277400,-0.092218,-0.956319
-446576575.951120,1985 NOV 06 18:57:04.048,1985-NOV-06 18:56:08.866,0.145471,0.978222,-0.025396,0.145857,-0.915128,0.277198,-0.292749,0.292015,0.956386,-0.007250,0.277972,-0.092122,-0.956162
-446576287.952080,1985 NOV 06 19:01:52.047,1985-NOV-06 19:00:56.865,0.145069,0.978274,-0.025337,0.145920,-0.915325,0.276440,-0.292851,0.291228,0.956626,-0.007235,0.278148,-0.091909,-0.956131
-446575999.953040,1985 NOV 06 19:06:40.046,1985-NOV-06 19:05:44.864,0.145659,0.978219,-0.025445,0.145683,-0.915120,0.277559,-0.292432,0.292387,0.956272,-0.007342,0.277606,-0.092222,-0.956258
-446575711.954000,1985 NOV 06 19:11:28.046,1985-NOV-06 19:10:32.863,0.145505,0.978236,-0.025370,0.145736,-0.915179,0.277281,-0.292511,0.292071,0.956369,-0.007225,0.277746,-0.092046,-0.956235
-446575471.954800,1985 NOV 06 19:15:28.045,1985-NOV-06 19:14:32.862,0.145456,0.978245,-0.025345,0.145728,-0.915212,0.277196,-0.292489,0.291970,0.956401,-0.007193,0.277743,-0.091981,-0.956242
-446575183.955760,1985 NOV 06 19:20:16.044,1985-NOV-06 19:19:20.861,0.145477,0.978242,-0.025287,0.145741,-0.915192,0.277252,-0.292497,0.291994,0.956394,-0.007070,0.277783,-0.091878,-0.956240
-446574943.956560,1985 NOV 06 19:24:16.043,1985-NOV-06 19:23:20.860,0.145565,0.978230,-0.025388,0.145716,-0.915155,0.277393,-0.292479,0.292190,0.956333,-0.007249,0.277696,-0.092094,-0.956245
-446574655.957520,1985 NOV 06 19:29:04.042,1985-NOV-06 19:28:08.859,0.145344,0.978291,-0.025364,0.145531,-0.915392,0.276995,-0.292116,0.291759,0.956464,-0.007322,0.277370,-0.091930,-0.956355
-446574367.958480,1985 NOV 06 19:33:52.041,1985-NOV-06 19:32:56.858,0.145346,0.978271,-0.025357,0.145661,-0.915315,0.276988,-0.292363,0.291762,0.956463,-0.007269,0.277621,-0.091954,-0.956280
-446574079.959440,1985 NOV 06 19:38:40.040,1985-NOV-06 19:37:44.857,0.145586,0.978181,-0.025284,0.146042,-0.914953,0.277434,-0.293072,0.292205,0.956331,-0.006942,0.278348,-0.091989,-0.956065
-446573791.960400,1985 NOV 06 19:43:28.039,1985-NOV-06 19:42:32.856,0.145467,0.978242,-0.025366,0.145733,-0.915203,0.277210,-0.292504,0.291996,0.956392,-0.007230,0.277744,-0.092027,-0.956237
-446573503.961360,1985 NOV 06 19:48:16.038,1985-NOV-06 19:47:20.856,0.145273,0.978319,-0.025484,0.145393,-0.915513,0.276835,-0.291886,0.291656,0.956493,-0.007620,0.277078,-0.092106,-0.956423
-446573215.962320,1985 NOV 06 19:53:04.037,1985-NOV-06 19:52:08.855,0.145520,0.978228,-0.025395,0.145772,-0.915149,0.277299,-0.292587,0.292107,0.956358,-0.007259,0.277805,-0.092109,-0.956211
-446572927.963280,1985 NOV 06 19:57:52.036,1985-NOV-06 19:56:56.854,0.145430,0.978225,-0.025318,0.145896,-0.915129,0.277139,-0.292803,0.291915,0.956418,-0.007098,0.278074,-0.091969,-0.956147
-446572687.964080,1985 NOV 06 20:01:52.035,1985-NOV-06 20:00:56.853,0.145385,0.978266,-0.025363,0.145655,-0.915295,0.277062,-0.292354,0.291840,0.956440,-0.007272,0.277604,-0.091976,-0.956282
-446572399.965040,1985 NOV 06 20:06:40.034,1985-NOV-06 20:05:44.852,0.145601,0.978236,-0.025387,0.145635,-0.915181,0.277470,-0.292324,0.292259,0.956312,-0.007259,0.277539,-0.092078,-0.956292
-446572159.965840,1985 NOV 06 20:10:40.034,1985-NOV-06 20:09:44.851,0.146082,0.978136,-0.025461,0.145816,-0.914796,0.278350,-0.292694,0.293200,0.956024,-0.007207,0.277816,-0.092411,-0.956179
-446571871.966800,1985 NOV 06 20:15:28.033,1985-NOV-06 20:14:32.850,0.145467,0.978242,-0.025366,0.145733,-0.915203,0.277210,-0.292503,0.291997,0.956392,-0.007230,0.277744,-0.092027,-0.956237
-446571583.967760,1985 NOV 06 20:20:16.032,1985-NOV-06 20:19:20.849,0.145320,0.978265,-0.025299,0.145741,-0.915284,0.276948,-0.292499,0.291697,0.956484,-0.007141,0.277793,-0.091857,-0.956239
-446571295.968720,1985 NOV 06 20:25:04.031,1985-NOV-06 20:24:08.848,0.145702,0.978233,-0.025421,0.145548,-0.915173,0.277662,-0.292167,0.292462,0.956249,-0.007323,0.277352,-0.092149,-0.956339
-446571007.969680,1985 NOV 06 20:29:52.030,1985-NOV-06 20:28:56.847,0.145602,0.978234,-0.025375,0.145654,-0.915170,0.277473,-0.292356,0.292257,0.956312,-0.007230,0.277578,-0.092060,-0.956282
-446570719.970640,1985 NOV 06 20:34:40.029,1985-NOV-06 20:33:44.846,0.145475,0.978193,-0.025329,0.146059,-0.915007,0.277206,-0.293118,0.292004,0.956391,-0.007056,0.278379,-0.092048,-0.956050
-446570431.971600,1985 NOV 06 20:39:28.028,1985-NOV-06 20:38:32.845,0.145477,0.978237,-0.025389,0.145757,-0.915183,0.277220,-0.292557,0.292023,0.956384,-0.007264,0.277783,-0.092081,-0.956220
-446570143.972560,1985 NOV 06 20:44:16.027,1985-NOV-06 20:43:20.844,0.145473,0.978280,-0.025460,0.145454,-0.915361,0.277221,-0.291998,0.292034,0.956379,-0.007495,0.277183,-0.092134,-0.956390
-446569903.973360,1985 NOV 06 20:48:16.026,1985-NOV-06 20:47:20.844,0.145368,0.978250,-0.025371,0.145776,-0.915235,0.277015,-0.292588,0.291809,0.956449,-0.007257,0.277835,-0.092021,-0.956211
-446569615.974320,1985 NOV 06 20:53:04.025,1985-NOV-06 20:52:08.843,0.145759,0.978163,-0.025407,0.145964,-0.914898,0.277734,-0.292960,0.292568,0.956218,-0.007153,0.278147,-0.092255,-0.956098
-446569183.975760,1985 NOV 06 21:00:16.024,1985-NOV-06 20:59:20.841,0.145455,0.978246,-0.025319,0.145730,-0.915211,0.277202,-0.292486,0.291961,0.956404,-0.007142,0.277754,-0.091931,-0.956243
-446568895.976720,1985 NOV 06 21:05:04.023,1985-NOV-06 21:04:08.840,0.145363,0.978276,-0.025368,0.145607,-0.915336,0.277022,-0.292264,0.291797,0.956452,-0.007303,0.277513,-0.091966,-0.956310
-446568655.977520,1985 NOV 06 21:09:04.022,1985-NOV-06 21:08:08.839,0.145373,0.978268,-0.025341,0.145657,-0.915301,0.277046,-0.292351,0.291811,0.956449,-0.007232,0.277615,-0.091931,-0.956284
-446568367.978480,1985 NOV 06 21:13:52.021,1985-NOV-06 21:12:56.838,0.145326,0.978248,-0.025353,0.145840,-0.915222,0.276934,-0.292704,0.291724,0.956475,-0.007215,0.277966,-0.091992,-0.956176
-446568079.979440,1985 NOV 06 21:18:40.020,1985-NOV-06 21:17:44.837,0.145432,0.978247,-0.025372,0.145734,-0.915223,0.277141,-0.292507,0.291931,0.956412,-0.007251,0.277747,-0.092029,-0.956236
-446567791.980400,1985 NOV 06 21:23:28.019,1985-NOV-06 21:22:32.836,0.145530,0.978272,-0.025395,0.145462,-0.915323,0.277348,-0.291995,0.292125,0.956352,-0.007348,0.277212,-0.092025,-0.956392
-446567503.981360,1985 NOV 06 21:28:16.018,1985-NOV-06 21:27:20.836,0.145548,0.978218,-0.025342,0.145818,-0.915105,0.277365,-0.292661,0.292146,0.956347,-0.007132,0.277908,-0.092027,-0.956190
-446567215.982320,1985 NOV 06 21:33:04.017,1985-NOV-06 21:32:08.835,0.145588,0.978189,-0.025301,0.145979,-0.914988,0.277439,-0.292957,0.292212,0.956328,-0.006993,0.278223,-0.092004,-0.956100
-446566927.983280,1985 NOV 06 21:37:52.016,1985-NOV-06 21:36:56.834,0.145312,0.978269,-0.025325,0.145714,-0.915303,0.276929,-0.292455,0.291690,0.956486,-0.007202,0.277735,-0.091898,-0.956252
-446566639.984240,1985 NOV 06 21:42:40.015,1985-NOV-06 21:41:44.833,0.145343,0.978285,-0.025351,0.145572,-0.915369,0.276992,-0.292190,0.291754,0.956466,-0.007286,0.277452,-0.091917,-0.956332
-446566063.986160,1985 NOV 06 21:52:16.013,1985-NOV-06 21:51:20.831,0.145444,0.978244,-0.025362,0.145745,-0.915209,0.277166,-0.292527,0.291951,0.956406,-0.007224,0.277772,-0.092015,-0.956230
-446565775.987120,1985 NOV 06 21:57:04.012,1985-NOV-06 21:56:08.830,0.145552,0.978230,-0.025330,0.145738,-0.915150,0.277383,-0.292505,0.292149,0.956346,-0.007131,0.277758,-0.091981,-0.956238
-446565535.987920,1985 NOV 06 22:01:04.012,1985-NOV-06 22:00:08.829,0.145567,0.978256,-0.025409,0.145535,-0.915260,0.277407,-0.292139,0.292199,0.956329,-0.007342,0.277344,-0.092083,-0.956348
-446565247.988880,1985 NOV 06 22:05:52.011,1985-NOV-06 22:04:56.828,0.145601,0.978204,-0.025363,0.145854,-0.915054,0.277457,-0.292735,0.292255,0.956314,-0.007148,0.277964,-0.092094,-0.956167
-446564959.989840,1985 NOV 06 22:10:40.010,1985-NOV-06 22:09:44.827,0.145528,0.978313,-0.025459,0.145181,-0.915488,0.277352,-0.291474,0.292137,0.956347,-0.007559,0.276654,-0.092070,-0.956549
-446564671.990800,1985 NOV 06 22:15:28.009,1985-NOV-06 22:14:32.826,0.145498,0.978240,-0.025373,0.145714,-0.915196,0.277270,-0.292469,0.292059,0.956373,-0.007240,0.277702,-0.092044,-0.956247
-446564383.991760,1985 NOV 06 22:20:16.008,1985-NOV-06 22:19:20.825,0.145547,0.978256,-0.025424,0.145550,-0.915262,0.277364,-0.292171,0.292166,0.956339,-0.007374,0.277369,-0.092112,-0.956338
-446564095.992720,1985 NOV 06 22:25:04.007,1985-NOV-06 22:24:08.824,0.145382,0.978207,-0.025288,0.146067,-0.915057,0.277040,-0.293120,0.291815,0.956449,-0.007002,0.278414,-0.091944,-0.956050
-446563807.993680,1985 NOV 06 22:29:52.006,1985-NOV-06 22:28:56.823,0.145423,0.978207,-0.025302,0.146022,-0.915060,0.277118,-0.293038,0.291897,0.956424,-0.007031,0.278320,-0.091970,-0.956075
-446563519.994640,1985 NOV 06 22:34:40.005,1985-NOV-06 22:33:44.822,0.145529,0.978188,-0.025348,0.146036,-0.914990,0.277305,-0.293080,0.292113,0.956358,-0.007086,0.278324,-0.092096,-0.956062
-446563279.995440,1985 NOV 06 22:38:40.004,1985-NOV-06 22:37:44.821,0.145539,0.978201,-0.025323,0.145944,-0.915038,0.277341,-0.292896,0.292124,0.956354,-0.007062,0.278153,-0.092024,-0.956118
-446562991.996400,1985 NOV 06 22:43:28.003,1985-NOV-06 22:42:32.820,0.145510,0.978287,-0.025426,0.145378,-0.915384,0.277308,-0.291843,0.292094,0.956361,-0.007440,0.277044,-0.092056,-0.956437
-446562751.997200,1985 NOV 06 22:47:28.002,1985-NOV-06 22:46:32.820,0.145498,0.978237,-0.025369,0.145738,-0.915181,0.277269,-0.292515,0.292058,0.956373,-0.007224,0.277750,-0.092043,-0.956234
-446562463.998160,1985 NOV 06 22:52:16.001,1985-NOV-06 22:51:20.819,0.145515,0.978334,-0.025501,0.145044,-0.915575,0.277327,-0.291224,0.292122,0.956350,-0.007686,0.276381,-0.092110,-0.956624
-446562175.999120,1985 NOV 06 22:57:04.000,1985-NOV-06 22:56:08.818,0.145667,0.978167,-0.025411,0.146031,-0.914913,0.277551,-0.293088,0.292394,0.956271,-0.007169,0.278281,-0.092256,-0.956059
-446561888.000080,1985 NOV 06 23:01:51.999,1985-NOV-06 23:00:56.817,0.145489,0.978291,-0.025424,0.145373,-0.915399,0.277270,-0.291831,0.292054,0.956373,-0.007443,0.277036,-0.092044,-0.956441
-446561600.001040,1985 NOV 06 23:06:39.998,1985-NOV-06 23:05:44.816,0.145521,0.978137,-0.025260,0.146399,-0.914782,0.277284,-0.293748,0.292076,0.956371,-0.006807,0.279045,-0.092023,-0.955859
-446561312.002000,1985 NOV 06 23:11:27.998,1985-NOV-06 23:10:32.815,0.145464,0.978245,-0.025316,0.145727,-0.915208,0.277221,-0.292478,0.291978,0.956399,-0.007134,0.277748,-0.091926,-0.956246
-446561024.002960,1985 NOV 06 23:16:15.997,1985-NOV-06 23:15:20.814,0.145294,0.978171,-0.025225,0.146404,-0.914911,0.276858,-0.293747,0.291630,0.956507,-0.006805,0.279087,-0.091892,-0.955859
-446560736.003920,1985 NOV 06 23:21:03.996,1985-NOV-06 23:20:08.813,0.145561,0.978285,-0.025448,0.145337,-0.915378,0.277403,-0.291771,0.292197,0.956329,-0.007480,0.276954,-0.092101,-0.956459
-446560496.004720,1985 NOV 06 23:25:03.995,1985-NOV-06 23:24:08.812,0.145374,0.978255,-0.025326,0.145746,-0.915249,0.277044,-0.292517,0.291809,0.956450,-0.007176,0.277790,-0.091927,-0.956233
-446560208.005680,1985 NOV 06 23:29:51.994,1985-NOV-06 23:28:56.811,0.145625,0.978280,-0.025413,0.145313,-0.915355,0.277539,-0.291716,0.292310,0.956295,-0.007400,0.276913,-0.092045,-0.956476
-446559968.006480,1985 NOV 06 23:33:51.993,1985-NOV-06 23:32:56.810,0.145552,0.978274,-0.025381,0.145429,-0.915330,0.277397,-0.291927,0.292162,0.956341,-0.007325,0.277150,-0.091995,-0.956413
-446559680.007440,1985 NOV 06 23:38:39.992,1985-NOV-06 23:37:44.809,0.145475,0.978230,-0.025304,0.145814,-0.915150,0.277237,-0.292642,0.291996,0.956393,-0.007082,0.277918,-0.091932,-0.956196
-446559392.009400,1985 NOV 06 23:43:27.990,1985-NOV-06 23:42:32.807,0.145519,0.978235,-0.025347,0.145734,-0.915172,0.277316,-0.292500,0.292092,0.956363,-0.007176,0.277747,-0.092004,-0.956238
-446559104.009808,1985 NOV 06 23:48:15.990,1985-NOV-06 23:47:20.807,0.145642,0.978147,-0.025317,0.146202,-0.914826,0.277516,-0.293390,0.292322,0.956295,-0.006941,0.278641,-0.092114,-0.955968
-446558816.010216,1985 NOV 06 23:53:03.989,1985-NOV-06 23:52:08.807,0.145295,0.978271,-0.025404,0.145705,-0.915319,0.276874,-0.292460,0.291679,0.956488,-0.007363,0.277696,-0.092044,-0.956249
-446558528.010624,1985 NOV 06 23:57:51.989,1985-NOV-06 23:56:56.806,0.145285,0.978276,-0.025360,0.145687,-0.915335,0.276869,-0.292414,0.291647,0.956498,-0.007285,0.277676,-0.091950,-0.956264
-446558240.011032,1985 NOV 07 00:02:39.988,1985-NOV-07 00:01:44.806,0.145980,0.978151,-0.025419,0.145821,-0.914852,0.278168,-0.292692,0.292994,0.956087,-0.007153,0.277849,-0.092301,-0.956180
-446557952.011440,1985 NOV 07 00:07:27.988,1985-NOV-07 00:06:32.805,0.145467,0.978242,-0.025366,0.145733,-0.915203,0.277210,-0.292503,0.291996,0.956392,-0.007230,0.277744,-0.092027,-0.956237
-446557712.011780,1985 NOV 07 00:11:27.988,1985-NOV-07 00:10:32.805,0.145138,0.978339,-0.025351,0.145416,-0.915579,0.276615,-0.291890,0.291361,0.956585,-0.007394,0.277172,-0.091815,-0.956423
-446557424.012188,1985 NOV 07 00:16:15.987,1985-NOV-07 00:15:20.805,0.145525,0.978225,-0.025291,0.145801,-0.915129,0.277338,-0.292613,0.292088,0.956366,-0.007045,0.277891,-0.091916,-0.956205
-446557184.012528,1985 NOV 07 00:20:15.987,1985-NOV-07 00:19:20.804,0.145762,0.978162,-0.025237,0.145999,-0.914875,0.277789,-0.292978,0.292528,0.956233,-0.006810,0.278263,-0.091934,-0.956095
-446556896.012936,1985 NOV 07 00:25:03.987,1985-NOV-07 00:24:08.804,0.145283,0.978283,-0.025369,0.145640,-0.915364,0.276866,-0.292327,0.291645,0.956499,-0.007318,0.277584,-0.091954,-0.956291
-446556608.013344,1985 NOV 07 00:29:51.986,1985-NOV-07 00:28:56.804,0.145472,0.978271,-0.025430,0.145521,-0.915323,0.277221,-0.292117,0.292023,0.956382,-0.007417,0.277320,-0.092094,-0.956354
-446556320.013752,1985 NOV 07 00:34:39.986,1985-NOV-07 00:33:44.803,0.145559,0.978207,-0.025508,0.145852,-0.915079,0.277332,-0.292774,0.292214,0.956324,-0.007445,0.277922,-0.092365,-0.956153
-446556032.014160,1985 NOV 07 00:39:27.985,1985-NOV-07 00:38:32.803,0.145420,0.978246,-0.025383,0.145754,-0.915217,0.277114,-0.292550,0.291912,0.956417,-0.007270,0.277785,-0.092053,-0.956223
-446555744.014568,1985 NOV 07 00:44:15.985,1985-NOV-07 00:43:20.802,0.145620,0.978217,-0.025384,0.145746,-0.915106,0.277496,-0.292536,0.292295,0.956301,-0.007215,0.277750,-0.092109,-0.956227
-446555456.014976,1985 NOV 07 00:49:03.985,1985-NOV-07 00:48:08.802,0.145384,0.978275,-0.025342,0.145599,-0.915329,0.277072,-0.292240,0.291831,0.956443,-0.007247,0.277503,-0.091918,-0.956318
-446555168.015384,1985 NOV 07 00:53:51.984,1985-NOV-07 00:52:56.802,0.145574,0.978230,-0.025362,0.145710,-0.915154,0.277418,-0.292460,0.292200,0.956330,-0.007196,0.277692,-0.092042,-0.956251
-446554928.015724,1985 NOV 07 00:57:51.984,1985-NOV-07 00:56:56.801,0.146043,0.978118,-0.025386,0.145988,-0.914718,0.278282,-0.293001,0.293106,0.956054,-0.007021,0.278171,-0.092303,-0.956086
-446554640.016132,1985 NOV 07 01:02:39.983,1985-NOV-07 01:01:44.801,0.145663,0.978206,-0.025410,0.145770,-0.915067,0.277568,-0.292589,0.292384,0.956274,-0.007245,0.277784,-0.092178,-0.956211
-446554400.016472,1985 NOV 07 01:06:39.983,1985-NOV-07 01:05:44.800,0.145297,0.978309,-0.025396,0.145452,-0.915465,0.276903,-0.291973,0.291678,0.956488,-0.007423,0.277213,-0.091957,-0.956398
-446554112.016880,1985 NOV 07 01:11:27.983,1985-NOV-07 01:10:32.800,0.145458,0.978242,-0.025390,0.145736,-0.915206,0.277186,-0.292516,0.291987,0.956395,-0.007278,0.277744,-0.092072,-0.956233
-446553824.017288,1985 NOV 07 01:16:15.982,1985-NOV-07 01:15:20.800,0.145665,0.978153,-0.025255,0.146154,-0.914842,0.277582,-0.293280,0.292347,0.956288,-0.006827,0.278565,-0.091985,-0.956002
-446553536.017696,1985 NOV 07 01:21:03.982,1985-NOV-07 01:20:08.799,0.145627,0.978221,-0.025283,0.145732,-0.915110,0.277542,-0.292479,0.292280,0.956307,-0.007019,0.277752,-0.091909,-0.956246
-446553248.018104,1985 NOV 07 01:25:51.981,1985-NOV-07 01:24:56.799,0.145479,0.978240,-0.025367,0.145734,-0.915195,0.277234,-0.292506,0.292021,0.956385,-0.007228,0.277745,-0.092033,-0.956236
-446552960.018512,1985 NOV 07 01:30:39.981,1985-NOV-07 01:29:44.798,0.145478,0.978214,-0.025337,0.145920,-0.915087,0.277223,-0.292853,0.292011,0.956388,-0.007113,0.278109,-0.092026,-0.956131
-446552672.018920,1985 NOV 07 01:35:27.981,1985-NOV-07 01:34:32.798,0.145479,0.978240,-0.025367,0.145734,-0.915195,0.277234,-0.292506,0.292021,0.956385,-0.007228,0.277745,-0.092033,-0.956236
-446552384.019328,1985 NOV 07 01:40:15.980,1985-NOV-07 01:39:20.798,0.145479,0.978240,-0.025367,0.145734,-0.915195,0.277234,-0.292506,0.292021,0.956385,-0.007228,0.277745,-0.092033,-0.956236
-446552144.019668,1985 NOV 07 01:44:15.980,1985-NOV-07 01:43:20.797,0.145479,0.978240,-0.025367,0.145734,-0.915195,0.277234,-0.292506,0.292021,0.956385,-0.007228,0.277745,-0.092033,-0.956236
-446551856.020076,1985 NOV 07 01:49:03.979,1985-NOV-07 01:48:08.797,0.145479,0.978240,-0.025367,0.145734,-0.915195,0.277234,-0.292506,0.292021,0.956385,-0.007228,0.277745,-0.092033,-0.956236
-446551616.020416,1985 NOV 07 01:53:03.979,1985-NOV-07 01:52:08.796,0.145710,0.978182,-0.025408,0.145883,-0.914973,0.277650,-0.292806,0.292476,0.956246,-0.007194,0.277997,-0.092221,-0.956145
-446551328.020824,1985 NOV 07 01:57:51.979,1985-NOV-07 01:56:56.796,0.145542,0.978253,-0.025374,0.145582,-0.915247,0.277365,-0.292218,0.292141,0.956348,-0.007267,0.277446,-0.092020,-0.956324
-446551040.021232,1985 NOV 07 02:02:39.978,1985-NOV-07 02:01:44.796,0.145499,0.978315,-0.025302,0.145223,-0.915481,0.277340,-0.291510,0.292037,0.956379,-0.007248,0.276784,-0.091767,-0.956540
-446550752.021640,1985 NOV 07 02:07:27.978,1985-NOV-07 02:06:32.795,0.145453,0.978282,-0.025333,0.145483,-0.915356,0.277218,-0.292017,0.291960,0.956403,-0.007244,0.277277,-0.091887,-0.956386
-446550464.022048,1985 NOV 07 02:12:15.977,1985-NOV-07 02:11:20.795,0.145270,0.978276,-0.025307,0.145711,-0.915330,0.276854,-0.292443,0.291604,0.956512,-0.007179,0.277738,-0.091848,-0.956256
-446550176.022456,1985 NOV 07 02:17:03.977,1985-NOV-07 02:16:08.794,0.145545,0.978270,-0.025345,0.145474,-0.915308,0.277390,-0.292004,0.292138,0.956349,-0.007242,0.277249,-0.091934,-0.956390
-446549888.022864,1985 NOV 07 02:21:51.977,1985-NOV-07 02:20:56.794,0.145852,0.978243,-0.025398,0.145335,-0.915210,0.277974,-0.291754,0.292739,0.956165,-0.007296,0.276937,-0.092085,-0.956466
-446549600.023272,1985 NOV 07 02:26:39.976,1985-NOV-07 02:25:44.794,0.145163,0.978318,-0.025298,0.145538,-0.915492,0.276668,-0.292110,0.291395,0.956575,-0.007246,0.277421,-0.091753,-0.956357
-446549360.023612,1985 NOV 07 02:30:39.976,1985-NOV-07 02:29:44.793,0.145371,0.978276,-0.025322,0.145609,-0.915331,0.277052,-0.292253,0.291800,0.956452,-0.007209,0.277529,-0.091878,-0.956314
-446549072.024020,1985 NOV 07 02:35:27.975,1985-NOV-07 02:34:32.793,0.145621,0.978253,-0.025307,0.145514,-0.915240,0.277544,-0.292070,0.292274,0.956308,-0.007133,0.277329,-0.091893,-0.956370
-446548832.024360,1985 NOV 07 02:39:27.975,1985-NOV-07 02:38:32.793,0.145466,0.978277,-0.025330,0.145508,-0.915334,0.277241,-0.292065,0.291984,0.956396,-0.007227,0.277326,-0.091893,-0.956371
-446548544.024768,1985 NOV 07 02:44:15.975,1985-NOV-07 02:43:20.792,0.145445,0.978297,-0.025315,0.145394,-0.915413,0.277216,-0.291840,0.291939,0.956410,-0.007238,0.277112,-0.091825,-0.956440
-446548256.025176,1985 NOV 07 02:49:03.974,1985-NOV-07 02:48:08.792,0.145411,0.978257,-0.025289,0.145705,-0.915251,0.277130,-0.292429,0.291869,0.956432,-0.007105,0.277719,-0.091853,-0.956261
-446547968.025584,1985 NOV 07 02:53:51.974,1985-NOV-07 02:52:56.791,0.145471,0.978268,-0.025359,0.145554,-0.915304,0.277238,-0.292160,0.292002,0.956390,-0.007267,0.277404,-0.091963,-0.956342
-446547680.025992,1985 NOV 07 02:58:39.974,1985-NOV-07 02:57:44.791,0.145494,0.978303,-0.025380,0.145293,-0.915443,0.277299,-0.291667,0.292050,0.956375,-0.007381,0.276897,-0.091938,-0.956491
-446547392.026400,1985 NOV 07 03:03:27.973,1985-NOV-07 03:02:32.790,0.145491,0.978270,-0.025330,0.145528,-0.915308,0.277287,-0.292103,0.292032,0.956381,-0.007213,0.277361,-0.091906,-0.956360
-446547104.026808,1985 NOV 07 03:08:15.973,1985-NOV-07 03:07:20.790,0.145514,0.978234,-0.025294,0.145756,-0.915162,0.277319,-0.292527,0.292067,0.956372,-0.007069,0.277805,-0.091907,-0.956231
-446546816.027216,1985 NOV 07 03:13:03.972,1985-NOV-07 03:12:08.790,0.145536,0.978268,-0.025341,0.145493,-0.915302,0.277372,-0.292039,0.292120,0.956354,-0.007231,0.277287,-0.091929,-0.956379
-446546576.027556,1985 NOV 07 03:17:03.972,1985-NOV-07 03:16:08.789,0.145559,0.978267,-0.025372,0.145475,-0.915299,0.277409,-0.292012,0.292173,0.956338,-0.007291,0.277240,-0.091991,-0.956387
-446546288.027964,1985 NOV 07 03:21:51.972,1985-NOV-07 03:20:56.789,0.145396,0.978287,-0.025322,0.145509,-0.915374,0.277108,-0.292063,0.291846,0.956438,-0.007231,0.277337,-0.091857,-0.956372
-446546048.028304,1985 NOV 07 03:25:51.971,1985-NOV-07 03:24:56.789,0.145428,0.978284,-0.025286,0.145504,-0.915359,0.277181,-0.292042,0.291897,0.956423,-0.007153,0.277333,-0.091794,-0.956379
-446545760.028712,1985 NOV 07 03:30:39.971,1985-NOV-07 03:29:44.788,0.145394,0.978284,-0.025360,0.145525,-0.915366,0.277092,-0.292105,0.291855,0.956435,-0.007301,0.277356,-0.091936,-0.956358
-446545472.029120,1985 NOV 07 03:35:27.970,1985-NOV-07 03:34:32.788,0.145455,0.978280,-0.025305,0.145499,-0.915346,0.277228,-0.292039,0.291956,0.956405,-0.007184,0.277316,-0.091838,-0.956379
-446545184.029528,1985 NOV 07 03:40:15.970,1985-NOV-07 03:39:20.787,0.145448,0.978308,-0.025432,0.145299,-0.915466,0.277194,-0.291692,0.291976,0.956396,-0.007494,0.276896,-0.092028,-0.956483
-446544896.029936,1985 NOV 07 03:45:03.970,1985-NOV-07 03:44:08.787,0.145526,0.978246,-0.025315,0.145660,-0.915211,0.277345,-0.292350,0.292094,0.956363,-0.007134,0.277614,-0.091923,-0.956285
-446544608.030344,1985 NOV 07 03:49:51.969,1985-NOV-07 03:48:56.787,0.145582,0.978233,-0.025388,0.145678,-0.915167,0.277429,-0.292407,0.292223,0.956323,-0.007254,0.277623,-0.092087,-0.956266
-446544320.030752,1985 NOV 07 03:54:39.969,1985-NOV-07 03:53:44.786,0.145508,0.978292,-0.025348,0.145361,-0.915395,0.277330,-0.291787,0.292068,0.956370,-0.007293,0.277034,-0.091898,-0.956455
-446544032.031160,1985 NOV 07 03:59:27.968,1985-NOV-07 03:58:32.786,0.145517,0.978269,-0.025336,0.145511,-0.915303,0.277336,-0.292071,0.292082,0.956366,-0.007222,0.277324,-0.091919,-0.956369
-446543792.031500,1985 NOV 07 04:03:27.968,1985-NOV-07 04:02:32.785,0.145482,0.978252,-0.025334,0.145659,-0.915237,0.277255,-0.292355,0.292016,0.956386,-0.007185,0.277612,-0.091948,-0.956283
-446543504.031908,1985 NOV 07 04:08:15.968,1985-NOV-07 04:07:20.785,0.145584,0.978263,-0.025328,0.145485,-0.915279,0.277469,-0.292019,0.292208,0.956328,-0.007194,0.277270,-0.091915,-0.956385
-446543264.032248,1985 NOV 07 04:12:15.967,1985-NOV-07 04:11:20.785,0.145515,0.978266,-0.025333,0.145531,-0.915292,0.277332,-0.292108,0.292078,0.956367,-0.007211,0.277363,-0.091918,-0.956358
-446542976.032656,1985 NOV 07 04:17:03.967,1985-NOV-07 04:16:08.784,0.145253,0.978322,-0.025389,0.145408,-0.915516,0.276825,-0.291888,0.291592,0.956514,-0.007434,0.277136,-0.091918,-0.956424
-446542688.033064,1985 NOV 07 04:21:51.966,1985-NOV-07 04:20:56.784,0.145336,0.978299,-0.025338,0.145485,-0.915423,0.276992,-0.292021,0.291738,0.956471,-0.007288,0.277290,-0.091865,-0.956384
-446542400.033472,1985 NOV 07 04:26:39.966,1985-NOV-07 04:25:44.783,0.145636,0.978224,-0.025331,0.145690,-0.915129,0.277549,-0.292413,0.292311,0.956297,-0.007122,0.277657,-0.091993,-0.956266
-446542112.033880,1985 NOV 07 04:31:27.966,1985-NOV-07 04:30:32.783,0.145434,0.978279,-0.025324,0.145525,-0.915343,0.277180,-0.292095,0.291921,0.956415,-0.007219,0.277363,-0.091876,-0.956362
-446541824.034288,1985 NOV 07 04:36:15.965,1985-NOV-07 04:35:20.783,0.145575,0.978300,-0.025363,0.145236,-0.915429,0.277464,-0.291554,0.292199,0.956329,-0.007340,0.276785,-0.091911,-0.956526
-446541536.034696,1985 NOV 07 04:41:03.965,1985-NOV-07 04:40:08.782,0.145509,0.978248,-0.025316,0.145659,-0.915221,0.277312,-0.292348,0.292063,0.956373,-0.007142,0.277613,-0.091920,-0.956285
-446541248.035104,1985 NOV 07 04:45:51.964,1985-NOV-07 04:44:56.782,0.145473,0.978256,-0.025284,0.145651,-0.915247,0.277255,-0.292324,0.291985,0.956396,-0.007093,0.277611,-0.091846,-0.956293
-446541008.035444,1985 NOV 07 04:49:51.964,1985-NOV-07 04:48:56.781,0.145487,0.978283,-0.025306,0.145452,-0.915355,0.277293,-0.291949,0.292016,0.956386,-0.007190,0.277222,-0.091835,-0.956407
-446540720.035852,1985 NOV 07 04:54:39.964,1985-NOV-07 04:53:44.781,0.145330,0.978315,-0.025328,0.145389,-0.915482,0.276992,-0.291834,0.291722,0.956475,-0.007299,0.277111,-0.091816,-0.956441
-446540480.036192,1985 NOV 07 04:58:39.963,1985-NOV-07 04:57:44.781,0.145417,0.978279,-0.025370,0.145536,-0.915347,0.277133,-0.292127,0.291901,0.956420,-0.007310,0.277370,-0.091964,-0.956352
-446540192.036600,1985 NOV 07 05:03:27.963,1985-NOV-07 05:02:32.780,0.145525,0.978268,-0.025312,0.145508,-0.915300,0.277359,-0.292059,0.292091,0.956364,-0.007174,0.277325,-0.091874,-0.956373
-446539904.037008,1985 NOV 07 05:08:15.962,1985-NOV-07 05:07:20.780,0.145593,0.978253,-0.025291,0.145550,-0.915236,0.277491,-0.292134,0.292215,0.956326,-0.007100,0.277405,-0.091864,-0.956351
-446539616.037416,1985 NOV 07 05:13:03.962,1985-NOV-07 05:12:08.779,0.145523,0.978298,-0.025344,0.145306,-0.915419,0.277364,-0.291682,0.292094,0.956362,-0.007297,0.276929,-0.091878,-0.956488
-446539328.037824,1985 NOV 07 05:17:51.962,1985-NOV-07 05:16:56.779,0.145521,0.978277,-0.025351,0.145445,-0.915339,0.277345,-0.291949,0.292093,0.956362,-0.007269,0.277193,-0.091930,-0.956406
-446539040.038232,1985 NOV 07 05:22:39.961,1985-NOV-07 05:21:44.779,0.145397,0.978249,-0.025268,0.145778,-0.915217,0.277101,-0.292561,0.291835,0.956443,-0.007046,0.277866,-0.091828,-0.956221
-446538272.039320,1985 NOV 07 05:35:27.960,1985-NOV-07 05:34:32.778,0.145531,0.978271,-0.025316,0.145486,-0.915309,0.277372,-0.292018,0.292105,0.956359,-0.007186,0.277281,-0.091877,-0.956386
-446537984.039728,1985 NOV 07 05:40:15.960,1985-NOV-07 05:39:20.777,0.145474,0.978244,-0.025206,0.145740,-0.915194,0.277271,-0.292473,0.291966,0.956404,-0.006913,0.277806,-0.091719,-0.956249
-446537744.040068,1985 NOV 07 05:44:15.959,1985-NOV-07 05:43:20.777,0.145455,0.978277,-0.025329,0.145520,-0.915333,0.277220,-0.292087,0.291963,0.956402,-0.007225,0.277350,-0.091892,-0.956365
-446537456.040476,1985 NOV 07 05:49:03.959,1985-NOV-07 05:48:08.776,0.145448,0.978281,-0.025297,0.145505,-0.915346,0.277217,-0.292047,0.291940,0.956410,-0.007168,0.277330,-0.091822,-0.956377
-446537168.040884,1985 NOV 07 05:53:51.959,1985-NOV-07 05:52:56.776,0.145447,0.978291,-0.025339,0.145433,-0.915389,0.277209,-0.291922,0.291949,0.956406,-0.007272,0.277180,-0.091883,-0.956414
-446536880.041292,1985 NOV 07 05:58:39.958,1985-NOV-07 05:57:44.776,0.145343,0.978294,-0.025316,0.145517,-0.915400,0.277009,-0.292076,0.291745,0.956469,-0.007234,0.277358,-0.091833,-0.956368
-446536592.041700,1985 NOV 07 06:03:27.958,1985-NOV-07 06:02:32.775,0.145623,0.978242,-0.025310,0.145591,-0.915195,0.277538,-0.292218,0.292278,0.956307,-0.007117,0.277475,-0.091922,-0.956325
-446536304.042108,1985 NOV 07 06:08:15.957,1985-NOV-07 06:07:20.775,0.145391,0.978298,-0.025321,0.145443,-0.915415,0.277106,-0.291937,0.291837,0.956440,-0.007251,0.277211,-0.091836,-0.956410
-446536016.042516,1985 NOV 07 06:13:03.957,1985-NOV-07 06:12:08.774,0.145203,0.978355,-0.025320,0.145247,-0.915639,0.276765,-0.291559,0.291475,0.956550,-0.007363,0.276853,-0.091724,-0.956525
-446535728.042924,1985 NOV 07 06:17:51.957,1985-NOV-07 06:16:56.774,0.145738,0.978199,-0.025456,0.145739,-0.915041,0.277701,-0.292544,0.292541,0.956225,-0.007323,0.277704,-0.092282,-0.956224
-446535488.043264,1985 NOV 07 06:21:51.956,1985-NOV-07 06:20:56.774,0.145742,0.978236,-0.025592,0.145459,-0.915202,0.277695,-0.292045,0.292585,0.956209,-0.007672,0.277126,-0.092469,-0.956374
-446535200.043672,1985 NOV 07 06:26:39.956,1985-NOV-07 06:25:44.773,0.145114,0.978327,-0.025395,0.145508,-0.915539,0.276547,-0.292079,0.291328,0.956594,-0.007459,0.277338,-0.091920,-0.956365
-446534960.044012,1985 NOV 07 06:30:39.955,1985-NOV-07 06:29:44.773,0.145421,0.978292,-0.025349,0.145450,-0.915394,0.277154,-0.291957,0.291902,0.956420,-0.007294,0.277213,-0.091899,-0.956403
-446534672.044420,1985 NOV 07 06:35:27.955,1985-NOV-07 06:34:32.772,0.145550,0.978231,-0.025221,0.145748,-0.915146,0.277412,-0.292492,0.292116,0.956358,-0.006918,0.277808,-0.091772,-0.956243
-446533904.045508,1985 NOV 07 06:48:15.954,1985-NOV-07 06:47:20.771,0.145497,0.978270,-0.025301,0.145524,-0.915306,0.277308,-0.292086,0.292035,0.956381,-0.007155,0.277361,-0.091849,-0.956365
-446533616.045916,1985 NOV 07 06:53:03.954,1985-NOV-07 06:52:08.771,0.145309,0.978259,-0.025315,0.145784,-0.915264,0.276919,-0.292587,0.291681,0.956489,-0.007161,0.277873,-0.091897,-0.956212
-446533376.046256,1985 NOV 07 06:57:03.953,1985-NOV-07 06:56:08.771,0.145414,0.978319,-0.025382,0.145268,-0.915504,0.277147,-0.291619,0.291896,0.956421,-0.007416,0.276855,-0.091912,-0.956506
-446533088.046664,1985 NOV 07 07:01:51.953,1985-NOV-07 07:00:56.770,0.145492,0.978308,-0.025403,0.145260,-0.915464,0.277291,-0.291610,0.292051,0.956374,-0.007435,0.276826,-0.091972,-0.956509
-446532800.047072,1985 NOV 07 07:06:39.952,1985-NOV-07 07:05:44.770,0.145503,0.978313,-0.025429,0.145212,-0.915485,0.277310,-0.291525,0.292080,0.956364,-0.007497,0.276725,-0.092013,-0.956534
-446532512.047480,1985 NOV 07 07:11:27.952,1985-NOV-07 07:10:32.769,0.145489,0.978272,-0.025358,0.145512,-0.915318,0.277276,-0.292080,0.292036,0.956380,-0.007273,0.277323,-0.091955,-0.956366
-446532224.047888,1985 NOV 07 07:16:15.952,1985-NOV-07 07:15:20.769,0.145530,0.978266,-0.025341,0.145513,-0.915294,0.277359,-0.292077,0.292109,0.956358,-0.007228,0.277325,-0.091934,-0.956368
-446531936.048296,1985 NOV 07 07:21:03.951,1985-NOV-07 07:20:08.769,0.145553,0.978243,-0.025293,0.145653,-0.915199,0.277405,-0.292331,0.292141,0.956349,-0.007085,0.277605,-0.091886,-0.956291
-446531648.048704,1985 NOV 07 07:25:51.951,1985-NOV-07 07:24:56.768,0.145539,0.978248,-0.025293,0.145638,-0.915216,0.277380,-0.292302,0.292115,0.956357,-0.007094,0.277577,-0.091879,-0.956300
-446531360.049112,1985 NOV 07 07:30:39.950,1985-NOV-07 07:29:44.768,0.145152,0.978300,-0.025279,0.145677,-0.915418,0.276639,-0.292369,0.291369,0.956584,-0.007171,0.277692,-0.091752,-0.956279
-446531120.049452,1985 NOV 07 07:34:39.950,1985-NOV-07 07:33:44.767,0.145560,0.978209,-0.025286,0.145877,-0.915064,0.277399,-0.292758,0.292154,0.956346,-0.007003,0.278035,-0.091938,-0.956161
-446530832.049860,1985 NOV 07 07:39:27.950,1985-NOV-07 07:38:32.767,0.145446,0.978328,-0.025584,0.145141,-0.915559,0.277160,-0.291434,0.292014,0.956382,-0.007839,0.276550,-0.092280,-0.956559
-446530592.050200,1985 NOV 07 07:43:27.949,1985-NOV-07 07:42:32.767,0.145485,0.978274,-0.025332,0.145508,-0.915323,0.277276,-0.292064,0.292020,0.956385,-0.007226,0.277322,-0.091903,-0.956371
-446530304.050608,1985 NOV 07 07:48:15.949,1985-NOV-07 07:47:20.766,0.145501,0.978273,-0.025157,0.145530,-0.915301,0.277357,-0.292057,0.292001,0.956393,-0.006871,0.277416,-0.091569,-0.956376
-446530016.051016,1985 NOV 07 07:53:03.948,1985-NOV-07 07:52:08.766,0.145435,0.978284,-0.025014,0.145543,-0.915332,0.277273,-0.292040,0.291836,0.956446,-0.006608,0.277488,-0.091276,-0.956383
-446529728.051424,1985 NOV 07 07:57:51.948,1985-NOV-07 07:56:56.765,0.145202,0.978353,-0.025116,0.145298,-0.915610,0.276818,-0.291600,0.291415,0.956571,-0.006950,0.277012,-0.091341,-0.956515
-446529440.051832,1985 NOV 07 08:02:39.948,1985-NOV-07 08:01:44.765,0.145112,0.978393,-0.025196,0.145102,-0.915776,0.276641,-0.291247,0.291265,0.956615,-0.007190,0.276622,-0.091414,-0.956621
-446529152.052240,1985 NOV 07 08:07:27.947,1985-NOV-07 08:06:32.765,0.145094,0.978419,-0.025263,0.144930,-0.915886,0.276603,-0.290936,0.291249,0.956619,-0.007379,0.276274,-0.091493,-0.956714
-446528864.052648,1985 NOV 07 08:12:15.947,1985-NOV-07 08:11:20.764,0.145169,0.978338,-0.025215,0.145413,-0.915562,0.276716,-0.291847,0.291383,0.956580,-0.007119,0.277205,-0.091557,-0.956439
-446528576.053056,1985 NOV 07 08:17:03.946,1985-NOV-07 08:16:08.764,0.145226,0.978261,-0.025591,0.145811,-0.915297,0.276676,-0.292715,0.291602,0.956509,-0.007718,0.277849,-0.092421,-0.956169
-446528336.053396,1985 NOV 07 08:21:03.946,1985-NOV-07 08:20:08.763,0.145279,0.978279,-0.025337,0.145676,-0.915345,0.276865,-0.292385,0.291629,0.956504,-0.007247,0.277661,-0.091901,-0.956273
-446528048.053804,1985 NOV 07 08:25:51.946,1985-NOV-07 08:24:56.763,0.145716,0.978198,-0.025417,0.145770,-0.915036,0.277669,-0.292592,0.292489,0.956241,-0.007244,0.277777,-0.092208,-0.956210
-446527808.054144,1985 NOV 07 08:29:51.945,1985-NOV-07 08:28:56.763,0.145662,0.978209,-0.025387,0.145761,-0.915073,0.277574,-0.292565,0.292375,0.956276,-0.007203,0.277774,-0.092131,-0.956218
-446527520.054552,1985 NOV 07 08:34:39.945,1985-NOV-07 08:33:44.762,0.145165,0.978300,-0.025316,0.145653,-0.915424,0.276655,-0.292335,0.291405,0.956572,-0.007246,0.277635,-0.091821,-0.956288
-446527232.054960,1985 NOV 07 08:39:27.945,1985-NOV-07 08:38:32.762,0.145435,0.978248,-0.025363,0.145730,-0.915223,0.277150,-0.292497,0.291935,0.956411,-0.007234,0.277742,-0.092010,-0.956239
-446526944.055368,1985 NOV 07 08:44:15.944,1985-NOV-07 08:43:20.762,0.145837,0.978167,-0.025374,0.145866,-0.914909,0.277903,-0.292763,0.292708,0.956175,-0.007094,0.277962,-0.092185,-0.956159
-446526656.055776,1985 NOV 07 08:49:03.944,1985-NOV-07 08:48:08.761,0.145161,0.978302,-0.025323,0.145646,-0.915431,0.276646,-0.292323,0.291399,0.956574,-0.007263,0.277620,-0.091832,-0.956292
-446526368.056184,1985 NOV 07 08:53:51.943,1985-NOV-07 08:52:56.761,0.145581,0.978228,-0.025347,0.145716,-0.915146,0.277437,-0.292467,0.292210,0.956327,-0.007162,0.277707,-0.092017,-0.956249
-446526080.056592,1985 NOV 07 08:58:39.943,1985-NOV-07 08:57:44.760,0.145141,0.978301,-0.025312,0.145673,-0.915427,0.276608,-0.292372,0.291357,0.956587,-0.007240,0.277677,-0.091813,-0.956277
-446525792.057000,1985 NOV 07 09:03:27.943,1985-NOV-07 09:02:32.760,0.145458,0.978249,-0.025319,0.145702,-0.915226,0.277211,-0.292431,0.291967,0.956402,-0.007150,0.277700,-0.091924,-0.956260
-446525552.057340,1985 NOV 07 09:07:27.942,1985-NOV-07 09:06:32.760,0.145558,0.978213,-0.025392,0.145834,-0.915091,0.277368,-0.292705,0.292180,0.956336,-0.007223,0.277920,-0.092132,-0.956176
-446525264.057748,1985 NOV 07 09:12:15.942,1985-NOV-07 09:11:20.759,0.145461,0.978248,-0.025402,0.145697,-0.915227,0.277191,-0.292446,0.291995,0.956392,-0.007311,0.277667,-0.092084,-0.956254
-446525024.058088,1985 NOV 07 09:16:15.941,1985-NOV-07 09:15:20.759,0.145597,0.978268,-0.025441,0.145414,-0.915312,0.277467,-0.291916,0.292265,0.956308,-0.007433,0.277100,-0.092120,-0.956415
-446524736.058496,1985 NOV 07 09:21:03.941,1985-NOV-07 09:20:08.758,0.145459,0.978243,-0.025392,0.145734,-0.915207,0.277188,-0.292513,0.291990,0.956394,-0.007282,0.277739,-0.092075,-0.956234
-446524448.058904,1985 NOV 07 09:25:51.941,1985-NOV-07 09:24:56.758,0.145279,0.978279,-0.025393,0.145672,-0.915348,0.276848,-0.292393,0.291644,0.956499,-0.007357,0.277637,-0.092009,-0.956270
-446524160.059312,1985 NOV 07 09:30:39.940,1985-NOV-07 09:29:44.758,0.145553,0.978232,-0.025346,0.145716,-0.915162,0.277382,-0.292467,0.292156,0.956344,-0.007170,0.277710,-0.092008,-0.956249
-446523488.060264,1985 NOV 07 09:41:51.939,1985-NOV-07 09:40:56.757,0.145392,0.978243,-0.025319,0.145810,-0.915201,0.277074,-0.292638,0.291841,0.956440,-0.007136,0.277913,-0.091935,-0.956197
-446522960.061012,1985 NOV 07 09:50:39.938,1985-NOV-07 09:49:44.756,0.145619,0.978212,-0.025471,0.145766,-0.915095,0.277467,-0.292598,0.292318,0.956293,-0.007379,0.277762,-0.092284,-0.956207
-446522384.061828,1985 NOV 07 10:00:15.938,1985-NOV-07 09:59:20.755,0.145590,0.978203,-0.025411,0.145868,-0.915052,0.277420,-0.292776,0.292246,0.956316,-0.007240,0.277978,-0.092188,-0.956154
