//AimAtt09_600P9N.inc
#declare AimAttTStart=-1450.308;
#declare AimAttTEnd=  4350.692;
#declare AimAttTNum=  5802;
#declare Alt=         600.000;
#declare BetaD=         9.000;
#declare Plan=              9;
#declare CommonPlan=        5;
#declare SunDecD=      23.438;
#declare Re=          6378.137;
#declare Rp=          6356.751;
#declare Rcs=         6361.565;
#declare SofieObsStart=  -396.224;
#declare SofieCVStart=   -386.310;
#declare SofieCVEnd=     -351.384;
#declare SofieObsEnd=    -343.999;
#declare SofieCalEnd=    -283.999;
#declare SofieCalStartS= 3184.615;
#declare SofieObsStartS= 3244.615;
#declare SofieObsEndS=   3296.840;
#declare CipsObs=array[36][2] {
  {-217.500,0},
  {-174.000,0},
  {-130.500,1},
  {-87.000,1},
  {-43.500,1},
  {  0.000,1},
  { 43.500,1},
  { 87.000,1},
  {130.500,1},
  {174.000,0},
  {217.500,0},
  {261.000,0},
  {304.500,0},
  {348.000,0},
  {391.500,0},
  {435.000,0},
  {478.500,0},
  {522.000,0},
  {565.500,0},
  {609.000,0},
  {652.500,0},
  {696.000,0},
  {739.500,0},
  {783.000,0},
  {826.500,0},
  {870.000,0},
  {913.500,0},
  {957.000,0},
  {1000.500,0},
  {1044.000,0},
  {1087.500,0},
  {1131.000,0},
  {1174.500,0},
  {1218.000,0},
  {1261.500,0},
  {1305.000,0},
}#declare SunPos=LH(< 0.987688, 0.156434, 0.000000>);
#declare AimAttM=array[AimAttTNum][6] {
//M row 1                                   M row 2                                  M row 3
//Pos (RH)                                  Vel (RH)                                <SofieH,0,0>
//Time: -1450.308
 {<   -0.000000,    0.000000,    1.000000>,<    0.000000,    1.000000,   -0.000000>,<   -1.000000,    0.000000,   -0.000000>,
  <-6978.137000,    0.000000,    0.000000>,<    0.000000,    0.000000,    7.557865>,<-5156.053324,    0.000000,    0.000000>},
//Time: -1449.308
 {<   -0.001083,    0.000000,    0.999999>,<    0.000000,    1.000000,   -0.000000>,<   -0.999999,    0.000000,   -0.001083>,
  <-6978.132907,    0.000000,    7.557864>,<    0.008186,    0.000000,    7.557861>,<-5163.584173,    0.000000,    0.000000>},
//Time: -1448.308
 {<   -0.002166,    0.000000,    0.999998>,<    0.000000,    1.000000,   -0.000000>,<   -0.999998,    0.000000,   -0.002166>,
  <-6978.120628,    0.000000,   15.115719>,<    0.016371,    0.000000,    7.557847>,<-5170.876310,    0.000000,    0.000000>},
//Time: -1447.308
 {<   -0.003249,    0.000000,    0.999995>,<    0.000000,    1.000000,   -0.000000>,<   -0.999995,    0.000000,   -0.003249>,
  <-6978.100164,    0.000000,   22.673556>,<    0.024557,    0.000000,    7.557825>,<-5177.925352,    0.000000,    0.000000>},
//Time: -1446.308
 {<   -0.004332,    0.000000,    0.999991>,<    0.000000,    1.000000,   -0.000000>,<   -0.999991,    0.000000,   -0.004332>,
  <-6978.071514,    0.000000,   30.231366>,<    0.032743,    0.000000,    7.557794>,<-5184.726956,    0.000000,    0.000000>},
//Time: -1445.308
 {<   -0.005415,    0.000000,    0.999985>,<    0.000000,    1.000000,   -0.000000>,<   -0.999985,    0.000000,   -0.005415>,
  <-6978.034678,    0.000000,   37.789141>,<    0.040929,    0.000000,    7.557754>,<-5191.276837,    0.000000,    0.000000>},
//Time: -1444.308
 {<   -0.006498,    0.000000,    0.999979>,<    0.000000,    1.000000,   -0.000000>,<   -0.999979,    0.000000,   -0.006498>,
  <-6977.989657,    0.000000,   45.346872>,<    0.049114,    0.000000,    7.557706>,<-5197.570773,    0.000000,    0.000000>},
//Time: -1443.308
 {<   -0.007581,    0.000000,    0.999971>,<    0.000000,    1.000000,   -0.000000>,<   -0.999971,    0.000000,   -0.007581>,
  <-6977.936450,    0.000000,   52.904550>,<    0.057300,    0.000000,    7.557648>,<-5203.604621,    0.000000,    0.000000>},
//Time: -1442.308
 {<   -0.008665,    0.000000,    0.999962>,<    0.000000,    1.000000,   -0.000000>,<   -0.999962,    0.000000,   -0.008665>,
  <-6977.875057,    0.000000,   60.462165>,<    0.065485,    0.000000,    7.557581>,<-5209.374324,    0.000000,    0.000000>},
//Time: -1441.308
 {<   -0.009748,    0.000000,    0.999952>,<    0.000000,    1.000000,   -0.000000>,<   -0.999952,    0.000000,   -0.009748>,
  <-6977.805480,    0.000000,   68.019710>,<    0.073671,    0.000000,    7.557506>,<-5214.875923,    0.000000,    0.000000>},
//Time: -1440.308
 {<   -0.010831,    0.000000,    0.999941>,<    0.000000,    1.000000,   -0.000000>,<   -0.999941,    0.000000,   -0.010831>,
  <-6977.727716,    0.000000,   75.577174>,<    0.081856,    0.000000,    7.557422>,<-5220.105572,    0.000000,    0.000000>},
//Time: -1439.308
 {<   -0.011914,    0.000000,    0.999929>,<    0.000000,    1.000000,   -0.000000>,<   -0.999929,    0.000000,   -0.011914>,
  <-6977.641768,    0.000000,   83.134551>,<    0.090041,    0.000000,    7.557329>,<-5225.059547,    0.000000,    0.000000>},
//Time: -1438.308
 {<   -0.012997,    0.000000,    0.999916>,<    0.000000,    1.000000,   -0.000000>,<   -0.999916,    0.000000,   -0.012997>,
  <-6977.547634,    0.000000,   90.691829>,<    0.098226,    0.000000,    7.557227>,<-5229.734255,    0.000000,    0.000000>},
//Time: -1437.308
 {<   -0.014080,    0.000000,    0.999901>,<    0.000000,    1.000000,   -0.000000>,<   -0.999901,    0.000000,   -0.014080>,
  <-6977.445315,    0.000000,   98.249001>,<    0.106411,    0.000000,    7.557116>,<-5234.126251,    0.000000,    0.000000>},
//Time: -1436.308
 {<   -0.015163,    0.000000,    0.999885>,<    0.000000,    1.000000,   -0.000000>,<   -0.999885,    0.000000,   -0.015163>,
  <-6977.334811,    0.000000,  105.806058>,<    0.114596,    0.000000,    7.556996>,<-5238.232248,    0.000000,    0.000000>},
//Time: -1435.308
 {<   -0.016245,    0.000000,    0.999868>,<    0.000000,    1.000000,   -0.000000>,<   -0.999868,    0.000000,   -0.016245>,
  <-6977.216123,    0.000000,  113.362991>,<    0.122781,    0.000000,    7.556868>,<-5242.049124,    0.000000,    0.000000>},
//Time: -1434.308
 {<   -0.017328,    0.000000,    0.999850>,<    0.000000,    1.000000,   -0.000000>,<   -0.999850,    0.000000,   -0.017328>,
  <-6977.089249,    0.000000,  120.919791>,<    0.130966,    0.000000,    7.556730>,<-5245.573938,    0.000000,    0.000000>},
//Time: -1433.308
 {<   -0.018411,    0.000000,    0.999830>,<    0.000000,    1.000000,   -0.000000>,<   -0.999830,    0.000000,   -0.018411>,
  <-6976.954192,    0.000000,  128.476449>,<    0.139150,    0.000000,    7.556584>,<-5248.803940,    0.000000,    0.000000>},
//Time: -1432.308
 {<   -0.019494,    0.000000,    0.999810>,<    0.000000,    1.000000,   -0.000000>,<   -0.999810,    0.000000,   -0.019494>,
  <-6976.810950,    0.000000,  136.032956>,<    0.147334,    0.000000,    7.556429>,<-5251.736577,    0.000000,    0.000000>},
//Time: -1431.308
 {<   -0.020577,    0.000000,    0.999788>,<    0.000000,    1.000000,   -0.000000>,<   -0.999788,    0.000000,   -0.020577>,
  <-6976.659523,    0.000000,  143.589304>,<    0.155518,    0.000000,    7.556265>,<-5254.369508,    0.000000,    0.000000>},
//Time: -1430.308
 {<   -0.021660,    0.000000,    0.999765>,<    0.000000,    1.000000,   -0.000000>,<   -0.999765,    0.000000,   -0.021660>,
  <-6976.499913,    0.000000,  151.145483>,<    0.163702,    0.000000,    7.556092>,<-5256.700610,    0.000000,    0.000000>},
//Time: -1429.308
 {<   -0.022743,    0.000000,    0.999741>,<    0.000000,    1.000000,   -0.000000>,<   -0.999741,    0.000000,   -0.022743>,
  <-6976.332119,    0.000000,  158.701485>,<    0.171886,    0.000000,    7.555910>,<-5258.727985,    0.000000,    0.000000>},
//Time: -1428.308
 {<   -0.023825,    0.000000,    0.999716>,<    0.000000,    1.000000,   -0.000000>,<   -0.999716,    0.000000,   -0.023825>,
  <-6976.156141,    0.000000,  166.257301>,<    0.180070,    0.000000,    7.555720>,<-5260.449972,    0.000000,    0.000000>},
//Time: -1427.308
 {<   -0.024908,    0.000000,    0.999690>,<    0.000000,    1.000000,   -0.000000>,<   -0.999690,    0.000000,   -0.024908>,
  <-6975.971980,    0.000000,  173.812922>,<    0.188253,    0.000000,    7.555520>,<-5261.865150,    0.000000,    0.000000>},
//Time: -1426.308
 {<   -0.025991,    0.000000,    0.999662>,<    0.000000,    1.000000,   -0.000000>,<   -0.999662,    0.000000,   -0.025991>,
  <-6975.779635,    0.000000,  181.368339>,<    0.196436,    0.000000,    7.555312>,<-5262.972342,    0.000000,    0.000000>},
//Time: -1425.308
 {<   -0.027074,    0.000000,    0.999633>,<    0.000000,    1.000000,   -0.000000>,<   -0.999633,    0.000000,   -0.027074>,
  <-6975.579108,    0.000000,  188.923543>,<    0.204619,    0.000000,    7.555095>,<-5263.770627,    0.000000,    0.000000>},
//Time: -1424.308
 {<   -0.028156,    0.000000,    0.999604>,<    0.000000,    1.000000,   -0.000000>,<   -0.999604,    0.000000,   -0.028156>,
  <-6975.370397,    0.000000,  196.478525>,<    0.212802,    0.000000,    7.554869>,<-5264.259337,    0.000000,    0.000000>},
//Time: -1423.308
 {<   -0.029239,    0.000000,    0.999572>,<    0.000000,    1.000000,   -0.000000>,<   -0.999572,    0.000000,   -0.029239>,
  <-6975.153505,    0.000000,  204.033277>,<    0.220984,    0.000000,    7.554634>,<-5264.438061,    0.000000,    0.000000>},
//Time: -1422.308
 {<   -0.030322,    0.000000,    0.999540>,<    0.000000,    1.000000,   -0.000000>,<   -0.999540,    0.000000,   -0.030322>,
  <-6974.928430,    0.000000,  211.587790>,<    0.229166,    0.000000,    7.554390>,<-5264.306649,    0.000000,    0.000000>},
//Time: -1421.308
 {<   -0.031404,    0.000000,    0.999507>,<    0.000000,    1.000000,   -0.000000>,<   -0.999507,    0.000000,   -0.031404>,
  <-6974.695173,    0.000000,  219.142055>,<    0.237348,    0.000000,    7.554137>,<-5263.865212,    0.000000,    0.000000>},
//Time: -1420.308
 {<   -0.032487,    0.000000,    0.999472>,<    0.000000,    1.000000,   -0.000000>,<   -0.999472,    0.000000,   -0.032487>,
  <-6974.453734,    0.000000,  226.696062>,<    0.245529,    0.000000,    7.553876>,<-5263.114121,    0.000000,    0.000000>},
//Time: -1419.308
 {<   -0.033569,    0.000000,    0.999436>,<    0.000000,    1.000000,   -0.000000>,<   -0.999436,    0.000000,   -0.033569>,
  <-6974.204114,    0.000000,  234.249804>,<    0.253711,    0.000000,    7.553606>,<-5262.054003,    0.000000,    0.000000>},
//Time: -1418.308
 {<   -0.034652,    0.000000,    0.999399>,<    0.000000,    1.000000,   -0.000000>,<   -0.999399,    0.000000,   -0.034652>,
  <-6973.946312,    0.000000,  241.803270>,<    0.261892,    0.000000,    7.553326>,<-5260.685743,    0.000000,    0.000000>},
//Time: -1417.308
 {<   -0.035734,    0.000000,    0.999361>,<    0.000000,    1.000000,   -0.000000>,<   -0.999361,    0.000000,   -0.035734>,
  <-6973.680330,    0.000000,  249.356453>,<    0.270072,    0.000000,    7.553038>,<-5259.077284,    0.000000,    0.000000>},
//Time: -1416.308
 {<   -0.036816,    0.000000,    0.999322>,<    0.000000,    1.000000,   -0.000000>,<   -0.999322,    0.000000,   -0.036816>,
  <-6973.406168,    0.000000,  256.909344>,<    0.278253,    0.000000,    7.552741>,<-5257.409893,    0.000000,    0.000000>},
//Time: -1415.308
 {<   -0.037899,    0.000000,    0.999282>,<    0.000000,    1.000000,   -0.000000>,<   -0.999282,    0.000000,   -0.037899>,
  <-6973.123825,    0.000000,  264.461933>,<    0.286433,    0.000000,    7.552436>,<-5255.693869,    0.000000,    0.000000>},
//Time: -1414.308
 {<   -0.038981,    0.000000,    0.999240>,<    0.000000,    1.000000,   -0.000000>,<   -0.999240,    0.000000,   -0.038981>,
  <-6972.833302,    0.000000,  272.014212>,<    0.294613,    0.000000,    7.552121>,<-5253.929450,    0.000000,    0.000000>},
//Time: -1413.308
 {<   -0.040063,    0.000000,    0.999197>,<    0.000000,    1.000000,   -0.000000>,<   -0.999197,    0.000000,   -0.040063>,
  <-6972.534600,    0.000000,  279.566172>,<    0.302792,    0.000000,    7.551797>,<-5252.116880,    0.000000,    0.000000>},
//Time: -1412.308
 {<   -0.041145,    0.000000,    0.999153>,<    0.000000,    1.000000,   -0.000000>,<   -0.999153,    0.000000,   -0.041145>,
  <-6972.227718,    0.000000,  287.117804>,<    0.310971,    0.000000,    7.551465>,<-5250.256409,    0.000000,    0.000000>},
//Time: -1411.308
 {<   -0.042227,    0.000000,    0.999108>,<    0.000000,    1.000000,   -0.000000>,<   -0.999108,    0.000000,   -0.042227>,
  <-6971.912658,    0.000000,  294.669099>,<    0.319150,    0.000000,    7.551124>,<-5248.348291,    0.000000,    0.000000>},
//Time: -1410.308
 {<   -0.043310,    0.000000,    0.999062>,<    0.000000,    1.000000,   -0.000000>,<   -0.999062,    0.000000,   -0.043310>,
  <-6971.589419,    0.000000,  302.220048>,<    0.327328,    0.000000,    7.550774>,<-5246.392786,    0.000000,    0.000000>},
//Time: -1409.308
 {<   -0.044392,    0.000000,    0.999014>,<    0.000000,    1.000000,   -0.000000>,<   -0.999014,    0.000000,   -0.044392>,
  <-6971.258003,    0.000000,  309.770643>,<    0.335506,    0.000000,    7.550415>,<-5244.390158,    0.000000,    0.000000>},
//Time: -1408.308
 {<   -0.045474,    0.000000,    0.998966>,<    0.000000,    1.000000,   -0.000000>,<   -0.998966,    0.000000,   -0.045474>,
  <-6970.918408,    0.000000,  317.320875>,<    0.343683,    0.000000,    7.550047>,<-5242.340674,    0.000000,    0.000000>},
//Time: -1407.308
 {<   -0.046556,    0.000000,    0.998916>,<    0.000000,    1.000000,   -0.000000>,<   -0.998916,    0.000000,   -0.046556>,
  <-6970.570636,    0.000000,  324.870734>,<    0.351860,    0.000000,    7.549670>,<-5240.244610,    0.000000,    0.000000>},
//Time: -1406.308
 {<   -0.047637,    0.000000,    0.998865>,<    0.000000,    1.000000,   -0.000000>,<   -0.998865,    0.000000,   -0.047637>,
  <-6970.214688,    0.000000,  332.420212>,<    0.360037,    0.000000,    7.549285>,<-5238.102240,    0.000000,    0.000000>},
//Time: -1405.308
 {<   -0.048719,    0.000000,    0.998813>,<    0.000000,    1.000000,   -0.000000>,<   -0.998813,    0.000000,   -0.048719>,
  <-6969.850563,    0.000000,  339.969301>,<    0.368213,    0.000000,    7.548890>,<-5235.913848,    0.000000,    0.000000>},
//Time: -1404.308
 {<   -0.049801,    0.000000,    0.998759>,<    0.000000,    1.000000,   -0.000000>,<   -0.998759,    0.000000,   -0.049801>,
  <-6969.478261,    0.000000,  347.517990>,<    0.376389,    0.000000,    7.548487>,<-5233.679718,    0.000000,    0.000000>},
//Time: -1403.308
 {<   -0.050883,    0.000000,    0.998705>,<    0.000000,    1.000000,   -0.000000>,<   -0.998705,    0.000000,   -0.050883>,
  <-6969.097785,    0.000000,  355.066272>,<    0.384564,    0.000000,    7.548075>,<-5231.400140,    0.000000,    0.000000>},
//Time: -1402.308
 {<   -0.051964,    0.000000,    0.998649>,<    0.000000,    1.000000,   -0.000000>,<   -0.998649,    0.000000,   -0.051964>,
  <-6968.709133,    0.000000,  362.614137>,<    0.392739,    0.000000,    7.547654>,<-5229.075406,    0.000000,    0.000000>},
//Time: -1401.308
 {<   -0.053046,    0.000000,    0.998592>,<    0.000000,    1.000000,   -0.000000>,<   -0.998592,    0.000000,   -0.053046>,
  <-6968.312306,    0.000000,  370.161577>,<    0.400914,    0.000000,    7.547224>,<-5226.705812,    0.000000,    0.000000>},
//Time: -1400.308
 {<   -0.054127,    0.000000,    0.998534>,<    0.000000,    1.000000,   -0.000000>,<   -0.998534,    0.000000,   -0.054127>,
  <-6967.907305,    0.000000,  377.708583>,<    0.409088,    0.000000,    7.546786>,<-5224.291658,    0.000000,    0.000000>},
//Time: -1399.308
 {<   -0.055209,    0.000000,    0.998475>,<    0.000000,    1.000000,   -0.000000>,<   -0.998475,    0.000000,   -0.055209>,
  <-6967.494131,    0.000000,  385.255146>,<    0.417261,    0.000000,    7.546338>,<-5221.833246,    0.000000,    0.000000>},
//Time: -1398.308
 {<   -0.056290,    0.000000,    0.998414>,<    0.000000,    1.000000,   -0.000000>,<   -0.998414,    0.000000,   -0.056290>,
  <-6967.072783,    0.000000,  392.801256>,<    0.425434,    0.000000,    7.545882>,<-5219.330882,    0.000000,    0.000000>},
//Time: -1397.308
 {<   -0.057372,    0.000000,    0.998353>,<    0.000000,    1.000000,   -0.000000>,<   -0.998353,    0.000000,   -0.057372>,
  <-6966.643262,    0.000000,  400.346906>,<    0.433607,    0.000000,    7.545417>,<-5216.784873,    0.000000,    0.000000>},
//Time: -1396.308
 {<   -0.058453,    0.000000,    0.998290>,<    0.000000,    1.000000,   -0.000000>,<   -0.998290,    0.000000,   -0.058453>,
  <-6966.205570,    0.000000,  407.892086>,<    0.441779,    0.000000,    7.544943>,<-5214.195532,    0.000000,    0.000000>},
//Time: -1395.308
 {<   -0.059534,    0.000000,    0.998226>,<    0.000000,    1.000000,   -0.000000>,<   -0.998226,    0.000000,   -0.059534>,
  <-6965.759705,    0.000000,  415.436788>,<    0.449950,    0.000000,    7.544460>,<-5211.563170,    0.000000,    0.000000>},
//Time: -1394.308
 {<   -0.060615,    0.000000,    0.998161>,<    0.000000,    1.000000,   -0.000000>,<   -0.998161,    0.000000,   -0.060615>,
  <-6965.305669,    0.000000,  422.981003>,<    0.458121,    0.000000,    7.543968>,<-5208.888105,    0.000000,    0.000000>},
//Time: -1393.308
 {<   -0.061696,    0.000000,    0.998095>,<    0.000000,    1.000000,   -0.000000>,<   -0.998095,    0.000000,   -0.061696>,
  <-6964.843462,    0.000000,  430.524721>,<    0.466292,    0.000000,    7.543467>,<-5206.170653,    0.000000,    0.000000>},
//Time: -1392.308
 {<   -0.062777,    0.000000,    0.998028>,<    0.000000,    1.000000,   -0.000000>,<   -0.998028,    0.000000,   -0.062777>,
  <-6964.373086,    0.000000,  438.067934>,<    0.474462,    0.000000,    7.542958>,<-5203.411135,    0.000000,    0.000000>},
//Time: -1391.308
 {<   -0.063858,    0.000000,    0.997959>,<    0.000000,    1.000000,   -0.000000>,<   -0.997959,    0.000000,   -0.063858>,
  <-6963.894539,    0.000000,  445.610634>,<    0.482631,    0.000000,    7.542440>,<-5200.609872,    0.000000,    0.000000>},
//Time: -1390.308
 {<   -0.064939,    0.000000,    0.997889>,<    0.000000,    1.000000,   -0.000000>,<   -0.997889,    0.000000,   -0.064939>,
  <-6963.407824,    0.000000,  453.152810>,<    0.490800,    0.000000,    7.541912>,<-5197.767189,    0.000000,    0.000000>},
//Time: -1389.308
 {<   -0.066020,    0.000000,    0.997818>,<    0.000000,    1.000000,   -0.000000>,<   -0.997818,    0.000000,   -0.066020>,
  <-6962.912940,    0.000000,  460.694456>,<    0.498968,    0.000000,    7.541376>,<-5194.883409,    0.000000,    0.000000>},
//Time: -1388.308
 {<   -0.067100,    0.000000,    0.997746>,<    0.000000,    1.000000,   -0.000000>,<   -0.997746,    0.000000,   -0.067100>,
  <-6962.409888,    0.000000,  468.235560>,<    0.507136,    0.000000,    7.540832>,<-5191.958860,    0.000000,    0.000000>},
//Time: -1387.308
 {<   -0.068181,    0.000000,    0.997673>,<    0.000000,    1.000000,   -0.000000>,<   -0.997673,    0.000000,   -0.068181>,
  <-6961.898669,    0.000000,  475.776116>,<    0.515303,    0.000000,    7.540278>,<-5188.993869,    0.000000,    0.000000>},
//Time: -1386.308
 {<   -0.069261,    0.000000,    0.997599>,<    0.000000,    1.000000,   -0.000000>,<   -0.997599,    0.000000,   -0.069261>,
  <-6961.379283,    0.000000,  483.316113>,<    0.523469,    0.000000,    7.539715>,<-5185.988766,    0.000000,    0.000000>},
//Time: -1385.308
 {<   -0.070342,    0.000000,    0.997523>,<    0.000000,    1.000000,   -0.000000>,<   -0.997523,    0.000000,   -0.070342>,
  <-6960.851731,    0.000000,  490.855543>,<    0.531635,    0.000000,    7.539144>,<-5182.943880,    0.000000,    0.000000>},
//Time: -1384.308
 {<   -0.071422,    0.000000,    0.997446>,<    0.000000,    1.000000,   -0.000000>,<   -0.997446,    0.000000,   -0.071422>,
  <-6960.316014,    0.000000,  498.394398>,<    0.539800,    0.000000,    7.538564>,<-5179.859543,    0.000000,    0.000000>},
//Time: -1383.308
 {<   -0.072503,    0.000000,    0.997368>,<    0.000000,    1.000000,   -0.000000>,<   -0.997368,    0.000000,   -0.072503>,
  <-6959.772132,    0.000000,  505.932668>,<    0.547964,    0.000000,    7.537975>,<-5176.736086,    0.000000,    0.000000>},
//Time: -1382.308
 {<   -0.073583,    0.000000,    0.997289>,<    0.000000,    1.000000,   -0.000000>,<   -0.997289,    0.000000,   -0.073583>,
  <-6959.220085,    0.000000,  513.470344>,<    0.556128,    0.000000,    7.537377>,<-5173.573841,    0.000000,    0.000000>},
//Time: -1381.308
 {<   -0.074663,    0.000000,    0.997209>,<    0.000000,    1.000000,   -0.000000>,<   -0.997209,    0.000000,   -0.074663>,
  <-6958.659875,    0.000000,  521.007418>,<    0.564292,    0.000000,    7.536770>,<-5170.373142,    0.000000,    0.000000>},
//Time: -1380.308
 {<   -0.075743,    0.000000,    0.997127>,<    0.000000,    1.000000,   -0.000000>,<   -0.997127,    0.000000,   -0.075743>,
  <-6958.091502,    0.000000,  528.543881>,<    0.572454,    0.000000,    7.536154>,<-5167.134321,    0.000000,    0.000000>},
//Time: -1379.308
 {<   -0.076823,    0.000000,    0.997045>,<    0.000000,    1.000000,   -0.000000>,<   -0.997045,    0.000000,   -0.076823>,
  <-6957.514967,    0.000000,  536.079724>,<    0.580616,    0.000000,    7.535530>,<-5163.857712,    0.000000,    0.000000>},
//Time: -1378.308
 {<   -0.077903,    0.000000,    0.996961>,<    0.000000,    1.000000,   -0.000000>,<   -0.996961,    0.000000,   -0.077903>,
  <-6956.930271,    0.000000,  543.614938>,<    0.588777,    0.000000,    7.534897>,<-5160.543649,    0.000000,    0.000000>},
//Time: -1377.308
 {<   -0.078982,    0.000000,    0.996876>,<    0.000000,    1.000000,   -0.000000>,<   -0.996876,    0.000000,   -0.078982>,
  <-6956.337413,    0.000000,  551.149514>,<    0.596938,    0.000000,    7.534255>,<-5157.192466,    0.000000,    0.000000>},
//Time: -1376.308
 {<   -0.080062,    0.000000,    0.996790>,<    0.000000,    1.000000,   -0.000000>,<   -0.996790,    0.000000,   -0.080062>,
  <-6955.736395,    0.000000,  558.683444>,<    0.605098,    0.000000,    7.533604>,<-5153.804496,    0.000000,    0.000000>},
//Time: -1375.308
 {<   -0.081142,    0.000000,    0.996703>,<    0.000000,    1.000000,   -0.000000>,<   -0.996703,    0.000000,   -0.081142>,
  <-6955.127218,    0.000000,  566.216719>,<    0.613257,    0.000000,    7.532944>,<-5150.380073,    0.000000,    0.000000>},
//Time: -1374.308
 {<   -0.082221,    0.000000,    0.996614>,<    0.000000,    1.000000,   -0.000000>,<   -0.996614,    0.000000,   -0.082221>,
  <-6954.509882,    0.000000,  573.749329>,<    0.621415,    0.000000,    7.532275>,<-5146.919530,    0.000000,    0.000000>},
//Time: -1373.308
 {<   -0.083300,    0.000000,    0.996524>,<    0.000000,    1.000000,   -0.000000>,<   -0.996524,    0.000000,   -0.083300>,
  <-6953.884388,    0.000000,  581.281266>,<    0.629573,    0.000000,    7.531598>,<-5143.423200,    0.000000,    0.000000>},
//Time: -1372.308
 {<   -0.084380,    0.000000,    0.996434>,<    0.000000,    1.000000,   -0.000000>,<   -0.996434,    0.000000,   -0.084380>,
  <-6953.250737,    0.000000,  588.812521>,<    0.637730,    0.000000,    7.530911>,<-5139.891416,    0.000000,    0.000000>},
//Time: -1371.308
 {<   -0.085459,    0.000000,    0.996342>,<    0.000000,    1.000000,   -0.000000>,<   -0.996342,    0.000000,   -0.085459>,
  <-6952.608929,    0.000000,  596.343086>,<    0.645886,    0.000000,    7.530216>,<-5136.324509,    0.000000,    0.000000>},
//Time: -1370.308
 {<   -0.086538,    0.000000,    0.996249>,<    0.000000,    1.000000,   -0.000000>,<   -0.996249,    0.000000,   -0.086538>,
  <-6951.958965,    0.000000,  603.872951>,<    0.654041,    0.000000,    7.529512>,<-5132.722811,    0.000000,    0.000000>},
//Time: -1369.308
 {<   -0.087617,    0.000000,    0.996154>,<    0.000000,    1.000000,   -0.000000>,<   -0.996154,    0.000000,   -0.087617>,
  <-6951.300846,    0.000000,  611.402108>,<    0.662196,    0.000000,    7.528800>,<-5129.086651,    0.000000,    0.000000>},
//Time: -1368.308
 {<   -0.088696,    0.000000,    0.996059>,<    0.000000,    1.000000,   -0.000000>,<   -0.996059,    0.000000,   -0.088696>,
  <-6950.634573,    0.000000,  618.930547>,<    0.670350,    0.000000,    7.528078>,<-5125.416361,    0.000000,    0.000000>},
//Time: -1367.308
 {<   -0.089774,    0.000000,    0.995962>,<    0.000000,    1.000000,   -0.000000>,<   -0.995962,    0.000000,   -0.089774>,
  <-6949.960147,    0.000000,  626.458261>,<    0.678503,    0.000000,    7.527347>,<-5121.712268,    0.000000,    0.000000>},
//Time: -1366.308
 {<   -0.090853,    0.000000,    0.995864>,<    0.000000,    1.000000,   -0.000000>,<   -0.995864,    0.000000,   -0.090853>,
  <-6949.277567,    0.000000,  633.985239>,<    0.686655,    0.000000,    7.526608>,<-5117.974700,    0.000000,    0.000000>},
//Time: -1365.308
 {<   -0.091932,    0.000000,    0.995765>,<    0.000000,    1.000000,   -0.000000>,<   -0.995765,    0.000000,   -0.091932>,
  <-6948.586836,    0.000000,  641.511474>,<    0.694807,    0.000000,    7.525860>,<-5114.203984,    0.000000,    0.000000>},
//Time: -1364.308
 {<   -0.093010,    0.000000,    0.995665>,<    0.000000,    1.000000,   -0.000000>,<   -0.995665,    0.000000,   -0.093010>,
  <-6947.887954,    0.000000,  649.036956>,<    0.702958,    0.000000,    7.525103>,<-5110.400446,    0.000000,    0.000000>},
//Time: -1363.308
 {<   -0.094088,    0.000000,    0.995564>,<    0.000000,    1.000000,   -0.000000>,<   -0.995564,    0.000000,   -0.094088>,
  <-6947.180921,    0.000000,  656.561677>,<    0.711107,    0.000000,    7.524337>,<-5106.564410,    0.000000,    0.000000>},
//Time: -1362.308
 {<   -0.095167,    0.000000,    0.995461>,<    0.000000,    1.000000,   -0.000000>,<   -0.995461,    0.000000,   -0.095167>,
  <-6946.465739,    0.000000,  664.085628>,<    0.719256,    0.000000,    7.523563>,<-5102.696198,    0.000000,    0.000000>},
//Time: -1361.308
 {<   -0.096245,    0.000000,    0.995358>,<    0.000000,    1.000000,   -0.000000>,<   -0.995358,    0.000000,   -0.096245>,
  <-6945.742409,    0.000000,  671.608800>,<    0.727405,    0.000000,    7.522779>,<-5098.796133,    0.000000,    0.000000>},
//Time: -1360.308
 {<   -0.097323,    0.000000,    0.995253>,<    0.000000,    1.000000,   -0.000000>,<   -0.995253,    0.000000,   -0.097323>,
  <-6945.010931,    0.000000,  679.131184>,<    0.735552,    0.000000,    7.521987>,<-5094.864535,    0.000000,    0.000000>},
//Time: -1359.308
 {<   -0.098401,    0.000000,    0.995147>,<    0.000000,    1.000000,   -0.000000>,<   -0.995147,    0.000000,   -0.098401>,
  <-6944.271305,    0.000000,  686.652771>,<    0.743698,    0.000000,    7.521186>,<-5090.901723,    0.000000,    0.000000>},
//Time: -1358.308
 {<   -0.099478,    0.000000,    0.995040>,<    0.000000,    1.000000,   -0.000000>,<   -0.995040,    0.000000,   -0.099478>,
  <-6943.523534,    0.000000,  694.173553>,<    0.751844,    0.000000,    7.520376>,<-5086.908014,    0.000000,    0.000000>},
//Time: -1357.308
 {<   -0.100556,    0.000000,    0.994931>,<    0.000000,    1.000000,   -0.000000>,<   -0.994931,    0.000000,   -0.100556>,
  <-6942.767618,    0.000000,  701.693521>,<    0.759989,    0.000000,    7.519557>,<-5082.883723,    0.000000,    0.000000>},
//Time: -1356.308
 {<   -0.101634,    0.000000,    0.994822>,<    0.000000,    1.000000,   -0.000000>,<   -0.994822,    0.000000,   -0.101634>,
  <-6942.003557,    0.000000,  709.212665>,<    0.768132,    0.000000,    7.518730>,<-5078.829166,    0.000000,    0.000000>},
//Time: -1355.308
 {<   -0.102711,    0.000000,    0.994711>,<    0.000000,    1.000000,   -0.000000>,<   -0.994711,    0.000000,   -0.102711>,
  <-6941.231353,    0.000000,  716.730977>,<    0.776275,    0.000000,    7.517894>,<-5074.744653,    0.000000,    0.000000>},
//Time: -1354.308
 {<   -0.103788,    0.000000,    0.994599>,<    0.000000,    1.000000,   -0.000000>,<   -0.994599,    0.000000,   -0.103788>,
  <-6940.451007,    0.000000,  724.248449>,<    0.784417,    0.000000,    7.517048>,<-5070.630497,    0.000000,    0.000000>},
//Time: -1353.308
 {<   -0.104865,    0.000000,    0.994486>,<    0.000000,    1.000000,   -0.000000>,<   -0.994486,    0.000000,   -0.104865>,
  <-6939.662519,    0.000000,  731.765071>,<    0.792558,    0.000000,    7.516194>,<-5066.487005,    0.000000,    0.000000>},
//Time: -1352.308
 {<   -0.105942,    0.000000,    0.994372>,<    0.000000,    1.000000,   -0.000000>,<   -0.994372,    0.000000,   -0.105942>,
  <-6938.865890,    0.000000,  739.280835>,<    0.800699,    0.000000,    7.515332>,<-5062.314485,    0.000000,    0.000000>},
//Time: -1351.308
 {<   -0.107019,    0.000000,    0.994257>,<    0.000000,    1.000000,   -0.000000>,<   -0.994257,    0.000000,   -0.107019>,
  <-6938.061122,    0.000000,  746.795731>,<    0.808838,    0.000000,    7.514460>,<-5058.113241,    0.000000,    0.000000>},
//Time: -1350.308
 {<   -0.108096,    0.000000,    0.994140>,<    0.000000,    1.000000,   -0.000000>,<   -0.994140,    0.000000,   -0.108096>,
  <-6937.248214,    0.000000,  754.309752>,<    0.816976,    0.000000,    7.513579>,<-5053.883578,    0.000000,    0.000000>},
//Time: -1349.308
 {<   -0.109173,    0.000000,    0.994023>,<    0.000000,    1.000000,   -0.000000>,<   -0.994023,    0.000000,   -0.109173>,
  <-6936.427170,    0.000000,  761.822887>,<    0.825113,    0.000000,    7.512690>,<-5049.625796,    0.000000,    0.000000>},
//Time: -1348.308
 {<   -0.110249,    0.000000,    0.993904>,<    0.000000,    1.000000,   -0.000000>,<   -0.993904,    0.000000,   -0.110249>,
  <-6935.597988,    0.000000,  769.335129>,<    0.833250,    0.000000,    7.511792>,<-5045.340195,    0.000000,    0.000000>},
//Time: -1347.308
 {<   -0.111326,    0.000000,    0.993784>,<    0.000000,    1.000000,   -0.000000>,<   -0.993784,    0.000000,   -0.111326>,
  <-6934.760670,    0.000000,  776.846469>,<    0.841385,    0.000000,    7.510885>,<-5041.027073,    0.000000,    0.000000>},
//Time: -1346.308
 {<   -0.112402,    0.000000,    0.993663>,<    0.000000,    1.000000,   -0.000000>,<   -0.993663,    0.000000,   -0.112402>,
  <-6933.915218,    0.000000,  784.356897>,<    0.849520,    0.000000,    7.509970>,<-5036.686723,    0.000000,    0.000000>},
//Time: -1345.308
 {<   -0.113478,    0.000000,    0.993540>,<    0.000000,    1.000000,   -0.000000>,<   -0.993540,    0.000000,   -0.113478>,
  <-6933.061632,    0.000000,  791.866405>,<    0.857653,    0.000000,    7.509045>,<-5032.319440,    0.000000,    0.000000>},
//Time: -1344.308
 {<   -0.114554,    0.000000,    0.993417>,<    0.000000,    1.000000,   -0.000000>,<   -0.993417,    0.000000,   -0.114554>,
  <-6932.199912,    0.000000,  799.374984>,<    0.865785,    0.000000,    7.508112>,<-5027.925515,    0.000000,    0.000000>},
//Time: -1343.308
 {<   -0.115630,    0.000000,    0.993292>,<    0.000000,    1.000000,   -0.000000>,<   -0.993292,    0.000000,   -0.115630>,
  <-6931.330061,    0.000000,  806.882625>,<    0.873917,    0.000000,    7.507170>,<-5023.505237,    0.000000,    0.000000>},
//Time: -1342.308
 {<   -0.116706,    0.000000,    0.993167>,<    0.000000,    1.000000,   -0.000000>,<   -0.993167,    0.000000,   -0.116706>,
  <-6930.452079,    0.000000,  814.389320>,<    0.882047,    0.000000,    7.506219>,<-5019.058892,    0.000000,    0.000000>},
//Time: -1341.308
 {<   -0.117781,    0.000000,    0.993040>,<    0.000000,    1.000000,   -0.000000>,<   -0.993040,    0.000000,   -0.117781>,
  <-6929.565968,    0.000000,  821.895060>,<    0.890176,    0.000000,    7.505259>,<-5014.586766,    0.000000,    0.000000>},
//Time: -1340.308
 {<   -0.118857,    0.000000,    0.992911>,<    0.000000,    1.000000,   -0.000000>,<   -0.992911,    0.000000,   -0.118857>,
  <-6928.671727,    0.000000,  829.399835>,<    0.898305,    0.000000,    7.504290>,<-5010.089140,    0.000000,    0.000000>},
//Time: -1339.308
 {<   -0.119932,    0.000000,    0.992782>,<    0.000000,    1.000000,   -0.000000>,<   -0.992782,    0.000000,   -0.119932>,
  <-6927.769359,    0.000000,  836.903638>,<    0.906432,    0.000000,    7.503313>,<-5005.566296,    0.000000,    0.000000>},
//Time: -1338.308
 {<   -0.121007,    0.000000,    0.992652>,<    0.000000,    1.000000,   -0.000000>,<   -0.992652,    0.000000,   -0.121007>,
  <-6926.858864,    0.000000,  844.406459>,<    0.914558,    0.000000,    7.502327>,<-5001.018511,    0.000000,    0.000000>},
//Time: -1337.308
 {<   -0.122082,    0.000000,    0.992520>,<    0.000000,    1.000000,   -0.000000>,<   -0.992520,    0.000000,   -0.122082>,
  <-6925.940244,    0.000000,  851.908289>,<    0.922683,    0.000000,    7.501332>,<-4996.446061,    0.000000,    0.000000>},
//Time: -1336.308
 {<   -0.123157,    0.000000,    0.992387>,<    0.000000,    1.000000,   -0.000000>,<   -0.992387,    0.000000,   -0.123157>,
  <-6925.013499,    0.000000,  859.409120>,<    0.930807,    0.000000,    7.500328>,<-4991.849219,    0.000000,    0.000000>},
//Time: -1335.308
 {<   -0.124232,    0.000000,    0.992253>,<    0.000000,    1.000000,   -0.000000>,<   -0.992253,    0.000000,   -0.124232>,
  <-6924.078630,    0.000000,  866.908943>,<    0.938930,    0.000000,    7.499316>,<-4987.228258,    0.000000,    0.000000>},
//Time: -1334.308
 {<   -0.125307,    0.000000,    0.992118>,<    0.000000,    1.000000,   -0.000000>,<   -0.992118,    0.000000,   -0.125307>,
  <-6923.135639,    0.000000,  874.407749>,<    0.947052,    0.000000,    7.498294>,<-4982.583446,    0.000000,    0.000000>},
//Time: -1333.308
 {<   -0.126381,    0.000000,    0.991982>,<    0.000000,    1.000000,   -0.000000>,<   -0.991982,    0.000000,   -0.126381>,
  <-6922.184527,    0.000000,  881.905529>,<    0.955172,    0.000000,    7.497264>,<-4977.915050,    0.000000,    0.000000>},
//Time: -1332.308
 {<   -0.127456,    0.000000,    0.991844>,<    0.000000,    1.000000,   -0.000000>,<   -0.991844,    0.000000,   -0.127456>,
  <-6921.225295,    0.000000,  889.402274>,<    0.963292,    0.000000,    7.496225>,<-4973.223334,    0.000000,    0.000000>},
//Time: -1331.308
 {<   -0.128530,    0.000000,    0.991706>,<    0.000000,    1.000000,   -0.000000>,<   -0.991706,    0.000000,   -0.128530>,
  <-6920.257944,    0.000000,  896.897977>,<    0.971410,    0.000000,    7.495178>,<-4968.508562,    0.000000,    0.000000>},
//Time: -1330.308
 {<   -0.129604,    0.000000,    0.991566>,<    0.000000,    1.000000,   -0.000000>,<   -0.991566,    0.000000,   -0.129604>,
  <-6919.282475,    0.000000,  904.392627>,<    0.979528,    0.000000,    7.494121>,<-4963.770992,    0.000000,    0.000000>},
//Time: -1329.308
 {<   -0.130678,    0.000000,    0.991425>,<    0.000000,    1.000000,   -0.000000>,<   -0.991425,    0.000000,   -0.130678>,
  <-6918.298889,    0.000000,  911.886216>,<    0.987644,    0.000000,    7.493056>,<-4959.010882,    0.000000,    0.000000>},
//Time: -1328.308
 {<   -0.131751,    0.000000,    0.991283>,<    0.000000,    1.000000,   -0.000000>,<   -0.991283,    0.000000,   -0.131751>,
  <-6917.307188,    0.000000,  919.378736>,<    0.995759,    0.000000,    7.491982>,<-4954.228488,    0.000000,    0.000000>},
//Time: -1327.308
 {<   -0.132825,    0.000000,    0.991140>,<    0.000000,    1.000000,   -0.000000>,<   -0.991140,    0.000000,   -0.132825>,
  <-6916.307372,    0.000000,  926.870177>,<    1.003873,    0.000000,    7.490899>,<-4949.424064,    0.000000,    0.000000>},
//Time: -1326.308
 {<   -0.133898,    0.000000,    0.990995>,<    0.000000,    1.000000,   -0.000000>,<   -0.990995,    0.000000,   -0.133898>,
  <-6915.299443,    0.000000,  934.360530>,<    1.011985,    0.000000,    7.489807>,<-4944.597859,    0.000000,    0.000000>},
//Time: -1325.308
 {<   -0.134972,    0.000000,    0.990849>,<    0.000000,    1.000000,   -0.000000>,<   -0.990849,    0.000000,   -0.134972>,
  <-6914.283402,    0.000000,  941.849788>,<    1.020097,    0.000000,    7.488707>,<-4939.750122,    0.000000,    0.000000>},
//Time: -1324.308
 {<   -0.136045,    0.000000,    0.990703>,<    0.000000,    1.000000,   -0.000000>,<   -0.990703,    0.000000,   -0.136045>,
  <-6913.259250,    0.000000,  949.337941>,<    1.028207,    0.000000,    7.487598>,<-4934.881099,    0.000000,    0.000000>},
//Time: -1323.308
 {<   -0.137118,    0.000000,    0.990555>,<    0.000000,    1.000000,   -0.000000>,<   -0.990555,    0.000000,   -0.137118>,
  <-6912.226989,    0.000000,  956.824980>,<    1.036316,    0.000000,    7.486480>,<-4929.991035,    0.000000,    0.000000>},
//Time: -1322.308
 {<   -0.138190,    0.000000,    0.990406>,<    0.000000,    1.000000,   -0.000000>,<   -0.990406,    0.000000,   -0.138190>,
  <-6911.186619,    0.000000,  964.310897>,<    1.044424,    0.000000,    7.485353>,<-4925.080170,    0.000000,    0.000000>},
//Time: -1321.308
 {<   -0.139263,    0.000000,    0.990255>,<    0.000000,    1.000000,   -0.000000>,<   -0.990255,    0.000000,   -0.139263>,
  <-6910.138142,    0.000000,  971.795683>,<    1.052530,    0.000000,    7.484217>,<-4920.148745,    0.000000,    0.000000>},
//Time: -1320.308
 {<   -0.140335,    0.000000,    0.990104>,<    0.000000,    1.000000,   -0.000000>,<   -0.990104,    0.000000,   -0.140335>,
  <-6909.081559,    0.000000,  979.279329>,<    1.060636,    0.000000,    7.483073>,<-4915.196995,    0.000000,    0.000000>},
//Time: -1319.308
 {<   -0.141408,    0.000000,    0.989951>,<    0.000000,    1.000000,   -0.000000>,<   -0.989951,    0.000000,   -0.141408>,
  <-6908.016871,    0.000000,  986.761826>,<    1.068740,    0.000000,    7.481920>,<-4910.225157,    0.000000,    0.000000>},
//Time: -1318.308
 {<   -0.142480,    0.000000,    0.989798>,<    0.000000,    1.000000,   -0.000000>,<   -0.989798,    0.000000,   -0.142480>,
  <-6906.944080,    0.000000,  994.243165>,<    1.076843,    0.000000,    7.480758>,<-4905.233462,    0.000000,    0.000000>},
//Time: -1317.308
 {<   -0.143552,    0.000000,    0.989643>,<    0.000000,    1.000000,   -0.000000>,<   -0.989643,    0.000000,   -0.143552>,
  <-6905.863186,    0.000000, 1001.723338>,<    1.084944,    0.000000,    7.479587>,<-4900.222140,    0.000000,    0.000000>},
//Time: -1316.308
 {<   -0.144623,    0.000000,    0.989487>,<    0.000000,    1.000000,   -0.000000>,<   -0.989487,    0.000000,   -0.144623>,
  <-6904.774191,    0.000000, 1009.202336>,<    1.093045,    0.000000,    7.478408>,<-4895.191421,    0.000000,    0.000000>},
//Time: -1315.308
 {<   -0.145695,    0.000000,    0.989330>,<    0.000000,    1.000000,   -0.000000>,<   -0.989330,    0.000000,   -0.145695>,
  <-6903.677097,    0.000000, 1016.680150>,<    1.101144,    0.000000,    7.477219>,<-4890.141528,    0.000000,    0.000000>},
//Time: -1314.308
 {<   -0.146767,    0.000000,    0.989171>,<    0.000000,    1.000000,   -0.000000>,<   -0.989171,    0.000000,   -0.146767>,
  <-6902.571905,    0.000000, 1024.156772>,<    1.109241,    0.000000,    7.476022>,<-4885.072686,    0.000000,    0.000000>},
//Time: -1313.308
 {<   -0.147838,    0.000000,    0.989012>,<    0.000000,    1.000000,   -0.000000>,<   -0.989012,    0.000000,   -0.147838>,
  <-6901.458615,    0.000000, 1031.632192>,<    1.117338,    0.000000,    7.474817>,<-4879.985117,    0.000000,    0.000000>},
//Time: -1312.308
 {<   -0.148909,    0.000000,    0.988851>,<    0.000000,    1.000000,   -0.000000>,<   -0.988851,    0.000000,   -0.148909>,
  <-6900.337229,    0.000000, 1039.106402>,<    1.125433,    0.000000,    7.473602>,<-4874.879038,    0.000000,    0.000000>},
//Time: -1311.308
 {<   -0.149980,    0.000000,    0.988689>,<    0.000000,    1.000000,   -0.000000>,<   -0.988689,    0.000000,   -0.149980>,
  <-6899.207749,    0.000000, 1046.579393>,<    1.133527,    0.000000,    7.472379>,<-4869.754668,    0.000000,    0.000000>},
//Time: -1310.308
 {<   -0.151051,    0.000000,    0.988526>,<    0.000000,    1.000000,   -0.000000>,<   -0.988526,    0.000000,   -0.151051>,
  <-6898.070176,    0.000000, 1054.051157>,<    1.141619,    0.000000,    7.471147>,<-4864.612220,    0.000000,    0.000000>},
//Time: -1309.308
 {<   -0.152121,    0.000000,    0.988362>,<    0.000000,    1.000000,   -0.000000>,<   -0.988362,    0.000000,   -0.152121>,
  <-6896.924511,    0.000000, 1061.521683>,<    1.149711,    0.000000,    7.469906>,<-4859.451907,    0.000000,    0.000000>},
