Alt_600_M0=600;
BetaD_600_M0=  0;
SofieStart_600_M0=-385.676608;
CipsEnd_600_M0=940.282986;
Matx_600_M0=[
     -1451,-1451.00,1,      0.00,3,180.00,2,-90.04
     -1446,-1446.00,1,      0.00,3,180.00,2,-89.73
     -1441,-1441.00,1,      0.00,3,180.00,2,-89.42
     -1436,-1436.00,1,      0.00,3,180.00,2,-89.11
     -1431,-1431.00,1,      0.00,3,180.00,2,-88.80
     -1426,-1426.00,1,      0.00,3,180.00,2,-88.49
     -1421,-1421.00,1,      0.00,3,180.00,2,-88.18
     -1416,-1416.00,1,      0.00,3,180.00,2,-87.87
     -1411,-1411.00,1,      0.00,3,180.00,2,-87.56
     -1406,-1406.00,1,      0.00,3,180.00,2,-87.25
     -1401,-1401.00,1,      0.00,3,180.00,2,-86.94
     -1396,-1396.00,1,      0.00,3,180.00,2,-86.63
     -1391,-1391.00,1,      0.00,3,180.00,2,-86.32
     -1386,-1386.00,1,      0.00,3,180.00,2,-86.01
     -1381,-1381.00,1,      0.00,3,180.00,2,-85.70
     -1376,-1376.00,1,      0.00,3,180.00,2,-85.39
     -1371,-1371.00,1,      0.00,3,180.00,2,-85.08
     -1366,-1366.00,1,      0.00,3,180.00,2,-84.77
     -1361,-1361.00,1,      0.00,3,180.00,2,-84.46
     -1356,-1356.00,1,      0.00,3,180.00,2,-84.15
     -1351,-1351.00,1,      0.00,3,180.00,2,-83.84
     -1346,-1346.00,1,      0.00,3,180.00,2,-83.53
     -1341,-1341.00,1,      0.00,3,180.00,2,-83.22
     -1336,-1336.00,1,      0.00,3,180.00,2,-82.91
     -1331,-1331.00,1,      0.00,3,180.00,2,-82.60
     -1326,-1326.00,1,      0.00,3,180.00,2,-82.29
     -1321,-1321.00,1,      0.00,3,180.00,2,-81.98
     -1316,-1316.00,1,      0.00,3,180.00,2,-81.67
     -1311,-1311.00,1,      0.00,3,180.00,2,-81.36
     -1306,-1306.00,1,      0.00,3,180.00,2,-81.04
     -1301,-1301.00,1,      0.00,3,180.00,2,-80.73
     -1296,-1296.00,1,      0.00,3,180.00,2,-80.42
     -1291,-1291.00,1,      0.00,3,180.00,2,-80.11
     -1286,-1286.00,1,      0.00,3,180.00,2,-79.80
     -1281,-1281.00,1,      0.00,3,180.00,2,-79.49
     -1276,-1276.00,1,      0.00,3,180.00,2,-79.18
     -1271,-1271.00,1,      0.00,3,180.00,2,-78.87
     -1266,-1266.00,1,      0.00,3,180.00,2,-78.56
     -1261,-1261.00,1,      0.00,3,180.00,2,-78.25
     -1256,-1256.00,1,      0.00,3,180.00,2,-77.94
     -1251,-1251.00,1,      0.00,3,180.00,2,-77.63
     -1246,-1246.00,1,      0.00,3,180.00,2,-77.32
     -1241,-1241.00,1,      0.00,3,180.00,2,-77.01
     -1236,-1236.00,1,      0.00,3,180.00,2,-76.70
     -1231,-1231.00,1,      0.00,3,180.00,2,-76.39
     -1226,-1226.00,1,      0.00,3,180.00,2,-76.08
     -1221,-1221.00,1,      0.00,3,180.00,2,-75.77
     -1216,-1216.00,1,      0.00,3,180.00,2,-75.46
     -1211,-1211.00,1,      0.00,3,180.00,2,-75.15
     -1206,-1206.00,1,      0.00,3,180.00,2,-74.84
     -1201,-1201.00,1,      0.00,3,180.00,2,-74.53
     -1196,-1196.00,1,      0.00,3,180.00,2,-74.22
     -1191,-1191.00,1,      0.00,3,180.00,2,-73.91
     -1186,-1186.00,1,      0.00,3,180.00,2,-73.60
     -1181,-1181.00,1,      0.00,3,180.00,2,-73.29
     -1176,-1176.00,1,      0.00,3,180.00,2,-72.98
     -1171,-1171.00,1,      0.00,3,180.00,2,-72.67
     -1166,-1166.00,1,      0.00,3,180.00,2,-72.36
     -1161,-1161.00,1,      0.00,3,180.00,2,-72.05
     -1156,-1156.00,1,      0.00,3,180.00,2,-71.74
     -1151,-1151.00,1,      0.00,3,180.00,2,-71.43
     -1146,-1146.00,1,      0.00,3,180.00,2,-71.12
     -1141,-1141.00,1,      0.00,3,180.00,2,-70.81
     -1136,-1136.00,1,      0.00,3,180.00,2,-70.50
     -1131,-1131.00,1,      0.00,3,180.00,2,-70.19
     -1126,-1126.00,1,      0.00,3,180.00,2,-69.87
     -1121,-1121.00,1,      0.00,3,180.00,2,-69.56
     -1116,-1116.00,1,      0.00,3,180.00,2,-69.25
     -1111,-1111.00,1,      0.00,3,180.00,2,-68.94
     -1106,-1106.00,1,      0.00,3,180.00,2,-68.63
     -1101,-1101.00,1,      0.00,3,180.00,2,-68.32
     -1096,-1096.00,1,      0.00,3,180.00,2,-68.01
     -1091,-1091.00,1,      0.00,3,180.00,2,-67.70
     -1086,-1086.00,1,      0.00,3,180.00,2,-67.39
     -1081,-1081.00,1,      0.00,3,180.00,2,-67.08
     -1076,-1076.00,1,      0.00,3,180.00,2,-66.77
     -1071,-1071.00,1,      0.00,3,180.00,2,-66.46
     -1066,-1066.00,1,      0.00,3,180.00,2,-66.15
     -1061,-1061.00,1,      0.00,3,180.00,2,-65.84
     -1056,-1056.00,1,      0.00,3,180.00,2,-65.53
     -1051,-1051.00,1,      0.00,3,180.00,2,-65.22
     -1046,-1046.00,1,      0.00,3,180.00,2,-64.91
     -1041,-1041.00,1,      0.00,3,180.00,2,-64.60
     -1036,-1036.00,1,      0.00,3,180.00,2,-64.29
     -1031,-1031.00,1,      0.00,3,180.00,2,-63.98
     -1026,-1026.00,1,      0.00,3,180.00,2,-63.67
     -1021,-1021.00,1,      0.00,3,180.00,2,-63.36
     -1016,-1016.00,1,      0.00,3,180.00,2,-63.05
     -1011,-1011.00,1,      0.00,3,180.00,2,-62.74
     -1006,-1006.00,1,      0.00,3,180.00,2,-62.43
     -1001,-1001.00,1,      0.00,3,180.00,2,-62.12
      -996,-996.00,1,      0.00,3,180.00,2,-61.81
      -991,-991.00,1,      0.00,3,180.00,2,-61.50
      -986,-986.00,1,      0.00,3,180.00,2,-61.19
      -981,-981.00,1,      0.00,3,179.47,2,-60.88
      -976,-976.00,1,      0.00,3,177.74,2,-60.57
      -971,-971.00,1,      0.00,3,174.80,2,-60.26
      -966,-966.00,1,      0.00,3,170.69,2,-59.95
      -961,-961.00,1,      0.00,3,166.19,2,-59.64
      -956,-956.00,1,      0.00,3,161.69,2,-59.33
      -951,-951.00,1,      0.00,3,157.20,2,-59.02
      -946,-946.00,1,      0.00,3,152.70,2,-58.70
      -941,-941.00,1,      0.00,3,148.20,2,-58.39
      -936,-936.00,1,      0.00,3,143.70,2,-58.08
      -931,-931.00,1,      0.00,3,139.21,2,-57.77
      -926,-926.00,1,      0.00,3,134.71,2,-57.46
      -921,-921.00,1,      0.00,3,130.21,2,-57.15
      -916,-916.00,1,      0.00,3,125.72,2,-56.84
      -911,-911.00,1,      0.00,3,121.22,2,-56.53
      -906,-906.00,1,      0.00,3,116.72,2,-56.22
      -901,-901.00,1,      0.00,3,112.22,2,-55.91
      -896,-896.00,1,      0.00,3,107.73,2,-55.60
      -891,-891.00,1,      0.00,3,103.23,2,-55.29
      -886,-886.00,1,      0.00,3, 98.73,2,-54.98
      -881,-881.00,1,      0.00,3, 94.23,2,-54.67
      -876,-876.00,1,      0.00,3, 89.74,2,-54.36
      -871,-871.00,1,      0.00,3, 85.24,2,-54.05
      -866,-866.00,1,      0.00,3, 80.74,2,-53.74
      -861,-861.00,1,      0.00,3, 76.25,2,-53.43
      -856,-856.00,1,      0.00,3, 71.75,2,-53.12
      -851,-851.00,1,      0.00,3, 67.25,2,-52.81
      -846,-846.00,1,      0.00,3, 62.75,2,-52.50
      -841,-841.00,1,      0.00,3, 58.26,2,-52.19
      -836,-836.00,1,      0.00,3, 53.76,2,-51.88
      -831,-831.00,1,      0.00,3, 49.26,2,-51.57
      -826,-826.00,1,      0.00,3, 44.76,2,-51.26
      -821,-821.00,1,      0.00,3, 40.27,2,-50.95
      -816,-816.00,1,      0.00,3, 35.77,2,-50.64
      -811,-811.00,1,      0.00,3, 31.27,2,-50.33
      -806,-806.00,1,      0.00,3, 26.78,2,-50.02
      -801,-801.00,1,      0.00,3, 22.28,2,-49.71
      -796,-796.00,1,      0.00,3, 17.78,2,-49.40
      -791,-791.00,1,      0.00,3, 13.28,2,-49.09
      -786,-786.00,1,      0.00,3,  8.79,2,-48.78
      -781,-781.00,1,      0.00,3,  4.79,2,-48.47
      -776,-776.00,1,      0.00,3,  1.99,2,-48.16
      -771,-771.00,1,      0.00,3,  0.40,2,-47.85
      -766,-766.00,1,      0.00,3,  0.00,2,-47.53
      -761,-761.00,1,      0.00,3,  0.00,2,-47.22
      -756,-756.00,1,      0.00,3,  0.00,2,-46.91
      -751,-751.00,1,      0.00,3,  0.00,2,-46.60
      -746,-746.00,1,      0.00,3,  0.00,2,-46.29
      -741,-741.00,1,      0.00,3,  0.00,2,-45.98
      -736,-736.00,1,      0.00,3,  0.00,2,-45.67
      -731,-731.00,1,      0.00,3,  0.00,2,-45.36
      -726,-726.00,1,      0.00,3,  0.00,2,-45.05
      -721,-721.00,1,      0.00,3,  0.00,2,-44.74
      -716,-716.00,1,      0.00,3,  0.00,2,-44.43
      -711,-711.00,1,      0.00,3,  0.00,2,-44.12
      -706,-706.00,1,      0.00,3,  0.00,2,-43.81
      -701,-701.00,1,      0.00,3,  0.00,2,-43.50
      -696,-696.00,1,      0.00,3,  0.00,2,-43.19
      -691,-691.00,1,      0.00,3,  0.00,2,-42.88
      -686,-686.00,1,      0.00,3,  0.00,2,-42.57
      -681,-681.00,1,      0.00,2,-42.02,3,  0.00
      -676,-676.00,1,      0.00,2,-40.29,3,  0.00
