Alt_600_M0=600;
BetaD_600_M0=  0;
SofieStart_600_M0=-385.676608;
CipsEnd_600_M0=940.282986;
Nadir_600_M0=[
     -1451,  0.000750, -0.000750, -0.999999
     -1446, -0.004666,  0.004666, -0.999978
     -1441, -0.010081,  0.010081, -0.999898
     -1436, -0.015494,  0.015496, -0.999760
     -1431, -0.020906,  0.020910, -0.999563
     -1426, -0.026315,  0.026324, -0.999307
     -1421, -0.031721,  0.031737, -0.998993
     -1416, -0.037124,  0.037150, -0.998620
     -1411, -0.042522,  0.042561, -0.998189
     -1406, -0.047915,  0.047971, -0.997699
     -1401, -0.053303,  0.053379, -0.997151
     -1396, -0.058684,  0.058786, -0.996544
     -1391, -0.064059,  0.064191, -0.995880
     -1386, -0.069425,  0.069594, -0.995157
     -1381, -0.074784,  0.074995, -0.994376
     -1376, -0.080134,  0.080394, -0.993537
     -1371, -0.085475,  0.085791, -0.992640
     -1366, -0.090805,  0.091185, -0.991685
     -1361, -0.096125,  0.096577, -0.990673
     -1356, -0.101434,  0.101965, -0.989603
     -1351, -0.106731,  0.107351, -0.988476
     -1346, -0.112015,  0.112733, -0.987291
     -1341, -0.117286,  0.118113, -0.986049
     -1336, -0.122543,  0.123488, -0.984751
     -1331, -0.127786,  0.128860, -0.983395
     -1326, -0.133014,  0.134229, -0.981983
     -1321, -0.138226,  0.139593, -0.980514
     -1316, -0.143423,  0.144953, -0.978988
     -1311, -0.148602,  0.150310, -0.977407
     -1306, -0.153764,  0.155661, -0.975770
     -1301, -0.158908,  0.161008, -0.974076
     -1296, -0.164033,  0.166351, -0.972327
     -1291, -0.169139,  0.171688, -0.970523
     -1286, -0.174225,  0.177020, -0.968664
     -1281, -0.179290,  0.182348, -0.966749
     -1276, -0.184335,  0.187670, -0.964780
     -1271, -0.189358,  0.192986, -0.962756
     -1266, -0.194359,  0.198297, -0.960678
     -1261, -0.199337,  0.203602, -0.958546
     -1256, -0.204292,  0.208901, -0.956361
     -1251, -0.209222,  0.214193, -0.954121
     -1246, -0.214128,  0.219480, -0.951829
     -1241, -0.219009,  0.224760, -0.949483
     -1236, -0.223865,  0.230034, -0.947085
     -1231, -0.228694,  0.235300, -0.944634
     -1226, -0.233496,  0.240560, -0.942131
     -1221, -0.238271,  0.245813, -0.939576
     -1216, -0.243018,  0.251059, -0.936970
     -1211, -0.247736,  0.256297, -0.934312
     -1206, -0.252425,  0.261528, -0.931603
     -1201, -0.257085,  0.266751, -0.928844
     -1196, -0.261715,  0.271966, -0.926035
     -1191, -0.266313,  0.277173, -0.923175
     -1186, -0.270881,  0.282372, -0.920266
     -1181, -0.275417,  0.287563, -0.917307
     -1176, -0.279920,  0.292745, -0.914300
     -1171, -0.284391,  0.297919, -0.911244
     -1166, -0.288828,  0.303084, -0.908140
     -1161, -0.293232,  0.308241, -0.904988
     -1156, -0.297601,  0.313388, -0.901788
     -1151, -0.301935,  0.318526, -0.898541
     -1146, -0.306234,  0.323654, -0.895248
     -1141, -0.310497,  0.328773, -0.891908
     -1136, -0.314723,  0.333883, -0.888522
     -1131, -0.318912,  0.338983, -0.885091
     -1126, -0.323064,  0.344072, -0.881614
     -1121, -0.327179,  0.349152, -0.878093
     -1116, -0.331254,  0.354222, -0.874527
     -1111, -0.335291,  0.359281, -0.870917
     -1106, -0.339289,  0.364329, -0.867264
     -1101, -0.343247,  0.369367, -0.863568
     -1096, -0.347164,  0.374394, -0.859829
     -1091, -0.351041,  0.379410, -0.856048
     -1086, -0.354877,  0.384415, -0.852225
     -1081, -0.358671,  0.389408, -0.848361
     -1076, -0.362422,  0.394391, -0.844456
     -1071, -0.366132,  0.399361, -0.840511
     -1066, -0.369798,  0.404320, -0.836525
     -1061, -0.373421,  0.409267, -0.832500
     -1056, -0.377001,  0.414202, -0.828436
     -1051, -0.380536,  0.419125, -0.824334
     -1046, -0.384026,  0.424036, -0.820194
     -1041, -0.387471,  0.428934, -0.816016
     -1036, -0.390871,  0.433820, -0.811801
     -1031, -0.394225,  0.438692, -0.807549
     -1026, -0.397533,  0.443552, -0.803261
     -1021, -0.400794,  0.448399, -0.798938
     -1016, -0.404009,  0.453233, -0.794580
     -1011, -0.407175,  0.458054, -0.790187
     -1006, -0.410294,  0.462861, -0.785760
     -1001, -0.413365,  0.467655, -0.781299
      -996, -0.416388,  0.472434, -0.776806
      -991, -0.419361,  0.477200, -0.772280
      -986, -0.422285,  0.481952, -0.767722
      -981, -0.429623,  0.482755, -0.763133
      -976, -0.447017,  0.474167, -0.758512
      -971, -0.473914,  0.455080, -0.753862
      -966, -0.508812,  0.424072, -0.749182
      -961, -0.544211,  0.386777, -0.744472
      -956, -0.576817,  0.346519, -0.739734
      -951, -0.606384,  0.303513, -0.734968
      -946, -0.632681,  0.257995, -0.730174
      -941, -0.655493,  0.210218, -0.725353
      -936, -0.674630,  0.160454, -0.720506
      -931, -0.689921,  0.108993, -0.715633
      -926, -0.701217,  0.056136, -0.710734
      -921, -0.708397,  0.002200, -0.705811
      -916, -0.711361, -0.052490, -0.700864
      -911, -0.710039, -0.107599, -0.695893
      -906, -0.704386, -0.162786, -0.690899
      -901, -0.694384, -0.217706, -0.685883
      -896, -0.680044, -0.272012, -0.680845
      -891, -0.661405, -0.325357, -0.675785
      -886, -0.638534, -0.377397, -0.670705
      -881, -0.611525, -0.427793, -0.665606
      -876, -0.580500, -0.476212, -0.660486
      -871, -0.545607, -0.522333, -0.655348
      -866, -0.507023, -0.565843, -0.650192
      -861, -0.464946, -0.606446, -0.645018
      -856, -0.419602, -0.643861, -0.639827
      -851, -0.371236, -0.677822, -0.634619
      -846, -0.320117, -0.708086, -0.629396
      -841, -0.266533, -0.734430, -0.624158
      -836, -0.210790, -0.756654, -0.618905
      -831, -0.153210, -0.774581, -0.613638
      -826, -0.094130, -0.788061, -0.608357
      -821, -0.033898, -0.796972, -0.603065
      -816,  0.027128, -0.801216, -0.597759
      -811,  0.088580, -0.800728, -0.592443
      -806,  0.150088, -0.795468, -0.587116
      -801,  0.211277, -0.785428, -0.581778
      -796,  0.271770, -0.770629, -0.576431
      -791,  0.331194, -0.751122, -0.571075
      -786,  0.389179, -0.726988, -0.565710
      -781,  0.439247, -0.702199, -0.560338
      -776,  0.473459, -0.684001, -0.554959
      -771,  0.492793, -0.674629, -0.549573
      -766,  0.498044, -0.675143, -0.544182
      -761,  0.498493, -0.679128, -0.538785
      -756,  0.498884, -0.683093, -0.533384
      -751,  0.499217, -0.687038, -0.527979
      -746,  0.499490, -0.690963, -0.522570
      -741,  0.499705, -0.694868, -0.517159
      -736,  0.499862, -0.698752, -0.511746
      -731,  0.499960, -0.702615, -0.506332
      -726,  0.499999, -0.706459, -0.500916
      -721,  0.499980, -0.710281, -0.495501
      -716,  0.499902, -0.714082, -0.490086
      -711,  0.499765, -0.717863, -0.484673
      -706,  0.499570, -0.721623, -0.479261
      -701,  0.499316, -0.725361, -0.473851
      -696,  0.499003, -0.729078, -0.468445
      -691,  0.498632, -0.732774, -0.463042
      -686,  0.498203, -0.736448, -0.457644
      -681,  0.499583, -0.740101, -0.450186
      -676,  0.509889, -0.743732, -0.432292
      -671,  0.528158, -0.747341, -0.403150
      -666,  0.552347, -0.750928, -0.361967
      -661,  0.575454, -0.754493, -0.315582
      -656,  0.594693, -0.758036, -0.267807
      -651,  0.609191, -0.761557, -0.221171
      -646,  0.616585, -0.765056, -0.185775
      -641,  0.618622, -0.768532, -0.163295
      -636,  0.616726, -0.771985, -0.153907
      -631,  0.612693, -0.775416, -0.152762
      -626,  0.608610, -0.778825, -0.151744
      -621,  0.604509, -0.782210, -0.150721
      -616,  0.600390, -0.785572, -0.149694
      -611,  0.596253, -0.788912, -0.148663
      -606,  0.592099, -0.792228, -0.147627
      -601,  0.587928, -0.795521, -0.146587
      -596,  0.583739, -0.798790, -0.145542
      -591,  0.579533, -0.802037, -0.144494
      -586,  0.575310, -0.805259, -0.143441
      -581,  0.571071, -0.808458, -0.142384
      -576,  0.566814, -0.811634, -0.141323
      -571,  0.562541, -0.814785, -0.140257
      -566,  0.558252, -0.817913, -0.139188
      -561,  0.553946, -0.821017, -0.138114
