Alt_600_M0=600;
BetaD_600_M0=  0;
SofieStart_600_M0=-385.676608;
CipsEnd_600_M0=940.282986;
Sun_600_M0=[
     -1451,  0.000750,  0.000000, -1.000000
     -1446, -0.004666, -0.000000, -0.999989
     -1441, -0.010081, -0.000000, -0.999949
     -1436, -0.015496, -0.000000, -0.999880
     -1431, -0.020910, -0.000000, -0.999781
     -1426, -0.026324, -0.000000, -0.999653
     -1421, -0.031737, -0.000000, -0.999496
     -1416, -0.037150, -0.000000, -0.999310
     -1411, -0.042561, -0.000000, -0.999094
     -1406, -0.047971, -0.000000, -0.998849
     -1401, -0.053379, -0.000000, -0.998574
     -1396, -0.058786, -0.000000, -0.998271
     -1391, -0.064191, -0.000000, -0.997938
     -1386, -0.069594, -0.000000, -0.997575
     -1381, -0.074995, -0.000000, -0.997184
     -1376, -0.080394, -0.000000, -0.996763
     -1371, -0.085791, -0.000000, -0.996313
     -1366, -0.091185, -0.000000, -0.995834
     -1361, -0.096577, -0.000000, -0.995326
     -1356, -0.101965, -0.000000, -0.994788
     -1351, -0.107351, -0.000000, -0.994221
     -1346, -0.112733, -0.000000, -0.993625
     -1341, -0.118113, -0.000000, -0.993000
     -1336, -0.123488, -0.000000, -0.992346
     -1331, -0.128860, -0.000000, -0.991663
     -1326, -0.134229, -0.000000, -0.990950
     -1321, -0.139593, -0.000000, -0.990209
     -1316, -0.144953, -0.000000, -0.989438
     -1311, -0.150310, -0.000000, -0.988639
     -1306, -0.155661, -0.000000, -0.987811
     -1301, -0.161008, -0.000000, -0.986953
     -1296, -0.166351, -0.000000, -0.986067
     -1291, -0.171688, -0.000000, -0.985151
     -1286, -0.177020, -0.000000, -0.984207
     -1281, -0.182348, -0.000000, -0.983234
     -1276, -0.187670, -0.000000, -0.982232
     -1271, -0.192986, -0.000000, -0.981202
     -1266, -0.198297, -0.000000, -0.980142
     -1261, -0.203602, -0.000000, -0.979054
     -1256, -0.208901, -0.000000, -0.977937
     -1251, -0.214193, -0.000000, -0.976791
     -1246, -0.219480, -0.000000, -0.975617
     -1241, -0.224760, -0.000000, -0.974414
     -1236, -0.230034, -0.000000, -0.973183
     -1231, -0.235300, -0.000000, -0.971923
     -1226, -0.240560, -0.000000, -0.970634
     -1221, -0.245813, -0.000000, -0.969317
     -1216, -0.251059, -0.000000, -0.967972
     -1211, -0.256297, -0.000000, -0.966598
     -1206, -0.261528, -0.000000, -0.965196
     -1201, -0.266751, -0.000000, -0.963766
     -1196, -0.271966, -0.000000, -0.962307
     -1191, -0.277173, -0.000000, -0.960820
     -1186, -0.282372, -0.000000, -0.959305
     -1181, -0.287563, -0.000000, -0.957762
     -1176, -0.292745, -0.000000, -0.956190
     -1171, -0.297919, -0.000000, -0.954591
     -1166, -0.303084, -0.000000, -0.952964
     -1161, -0.308241, -0.000000, -0.951308
     -1156, -0.313388, -0.000000, -0.949625
     -1151, -0.318526, -0.000000, -0.947914
     -1146, -0.323654, -0.000000, -0.946175
     -1141, -0.328773, -0.000000, -0.944409
     -1136, -0.333883, -0.000000, -0.942615
     -1131, -0.338983, -0.000000, -0.940793
     -1126, -0.344072, -0.000000, -0.938943
     -1121, -0.349152, -0.000000, -0.937066
     -1116, -0.354222, -0.000000, -0.935162
     -1111, -0.359281, -0.000000, -0.933230
     -1106, -0.364329, -0.000000, -0.931270
     -1101, -0.369367, -0.000000, -0.929284
     -1096, -0.374394, -0.000000, -0.927270
     -1091, -0.379410, -0.000000, -0.925229
     -1086, -0.384415, -0.000000, -0.923160
     -1081, -0.389408, -0.000000, -0.921065
     -1076, -0.394391, -0.000000, -0.918943
     -1071, -0.399361, -0.000000, -0.916794
     -1066, -0.404320, -0.000000, -0.914618
     -1061, -0.409267, -0.000000, -0.912415
     -1056, -0.414202, -0.000000, -0.910185
     -1051, -0.419125, -0.000000, -0.907928
     -1046, -0.424036, -0.000000, -0.905645
     -1041, -0.428934, -0.000000, -0.903336
     -1036, -0.433820, -0.000000, -0.901000
     -1031, -0.438692, -0.000000, -0.898637
     -1026, -0.443552, -0.000000, -0.896248
     -1021, -0.448399, -0.000000, -0.893833
     -1016, -0.453233, -0.000000, -0.891392
     -1011, -0.458054, -0.000000, -0.888924
     -1006, -0.462861, -0.000000, -0.886431
     -1001, -0.467655, -0.000000, -0.883911
      -996, -0.472434, -0.000000, -0.881366
      -991, -0.477200, -0.000000, -0.878794
      -986, -0.481952, -0.000000, -0.876197
      -981, -0.486670, -0.004481, -0.873575
      -976, -0.491032, -0.019365, -0.870926
      -971, -0.494085, -0.044924, -0.868252
      -966, -0.494217, -0.081041, -0.865553
      -961, -0.490886, -0.120660, -0.862828
      -956, -0.484342, -0.160245, -0.860078
      -951, -0.474573, -0.199532, -0.857303
      -946, -0.461585, -0.238256, -0.854502
      -941, -0.445408, -0.276150, -0.851677
      -936, -0.426094, -0.312950, -0.848826
      -931, -0.403718, -0.348395, -0.845951
      -926, -0.378374, -0.382229, -0.843050
      -921, -0.350181, -0.414201, -0.840126
      -916, -0.319276, -0.444071, -0.837176
      -911, -0.285818, -0.471609, -0.834202
      -906, -0.249986, -0.496596, -0.831203
      -901, -0.211977, -0.518829, -0.828180
      -896, -0.172006, -0.538117, -0.825133
      -891, -0.130302, -0.554289, -0.822062
      -886, -0.087113, -0.567191, -0.818966
      -881, -0.042698, -0.576690, -0.815846
      -876,  0.002673, -0.582672, -0.812703
      -871,  0.048717, -0.585046, -0.809536
      -866,  0.095145, -0.583743, -0.806345
      -861,  0.141661, -0.578718, -0.803130
      -856,  0.187962, -0.569951, -0.799892
      -851,  0.233745, -0.557444, -0.796630
      -846,  0.278706, -0.541227, -0.793345
      -841,  0.322542, -0.521353, -0.790036
      -836,  0.364953, -0.497900, -0.786705
      -831,  0.405645, -0.470972, -0.783350
      -826,  0.444331, -0.440696, -0.779973
      -821,  0.480734, -0.407222, -0.776572
      -816,  0.514589, -0.370727, -0.773149
      -811,  0.545645, -0.331404, -0.769703
      -806,  0.573664, -0.289473, -0.766235
      -801,  0.598426, -0.245169, -0.762744
      -796,  0.619732, -0.198750, -0.759230
      -791,  0.637400, -0.150486, -0.755695
      -786,  0.651272, -0.100667, -0.752137
      -781,  0.660755, -0.055365, -0.748557
      -776,  0.666710, -0.023210, -0.744956
      -771,  0.671122, -0.004731, -0.741332
      -766,  0.675143,  0.000000, -0.737687
      -761,  0.679128,  0.000000, -0.734020
      -756,  0.683093,  0.000000, -0.730331
      -751,  0.687038,  0.000000, -0.726621
      -746,  0.690963,  0.000000, -0.722890
      -741,  0.694868,  0.000000, -0.719138
      -736,  0.698752,  0.000000, -0.715364
      -731,  0.702615,  0.000000, -0.711570
      -726,  0.706459,  0.000000, -0.707754
      -721,  0.710281,  0.000000, -0.703918
      -716,  0.714082,  0.000000, -0.700062
      -711,  0.717863,  0.000000, -0.696184
      -706,  0.721623,  0.000000, -0.692287
      -701,  0.725361,  0.000000, -0.688369
      -696,  0.729078,  0.000000, -0.684430
      -691,  0.732774,  0.000000, -0.680472
      -686,  0.736448,  0.000000, -0.676494
      -681,  0.742880,  0.000000, -0.669425
      -676,  0.762761,  0.000000, -0.646681
      -671,  0.794892,  0.000000, -0.606752
      -666,  0.836403,  0.000000, -0.548116
      -661,  0.876806,  0.000000, -0.480845
      -656,  0.911810,  0.000000, -0.410613
      -651,  0.939968,  0.000000, -0.341263
      -646,  0.957484,  0.000000, -0.288486
      -641,  0.966882,  0.000000, -0.255223
      -636,  0.970244,  0.000000, -0.242129
      -631,  0.970296,  0.000000, -0.241922
      -626,  0.970296,  0.000000, -0.241922
      -621,  0.970296,  0.000000, -0.241922
      -616,  0.970296,  0.000000, -0.241922
      -611,  0.970296,  0.000000, -0.241922
      -606,  0.970296,  0.000000, -0.241922
      -601,  0.970296,  0.000000, -0.241922
      -596,  0.970296,  0.000000, -0.241922
      -591,  0.970296,  0.000000, -0.241922
      -586,  0.970296,  0.000000, -0.241922
      -581,  0.970296,  0.000000, -0.241922
      -576,  0.970296,  0.000000, -0.241922
      -571,  0.970296,  0.000000, -0.241922
      -566,  0.970296,  0.000000, -0.241922
      -561,  0.970296,  0.000000, -0.241922
