// File created by LeoCAD
//

// Stuff that doesn't need to be changed

#warning "Voyager in Legos\n"

#include "lg_color.inc"
#include "lg_defs.inc"

#include "lg_2450.inc"
#include "lg_3023.inc"
#include "lg_3298.inc"
#include "lg_3710.inc"
#include "lg_3794.inc"
#include "lg_3941.inc"
#include "lg_3944.inc"
#include "lg_3956.inc"
#include "lg_3957.inc"
#include "lg_4032.inc"
#include "lg_4262.inc"
#include "lg_4273.inc"
#include "lg_4275.inc"
#include "lg_4276.inc"
#include "lg_4360.inc"
#include "lg_4477.inc"

#declare VgrLego=union {
  object {
   lg_3944
   texture { lg_white } matrix <1.0000, 0.0000, -0.0001, 0.0000, -1.0000, 0.0000, -0.0001, 0.0000, -1.0000, 0.0000, -0.0000, 0.6600>
  }
  object {
   lg_3957
   texture { lg_grey } matrix <1.0000, 0.0000, -0.0001, 0.0000, -1.0000, 0.0000, -0.0001, 0.0000, -1.0000, 0.0000, -0.0000, 2.5600>
  }
  object {
   lg_3956
   texture { lg_black } matrix <1.0000, 0.0000, -0.0001, 0.0000, -1.0000, 0.0000, -0.0001, 0.0000, -1.0000, 0.8000, 0.0000, -0.3200>
  }
  object {
   lg_3298
   texture { lg_black } matrix <0.0000, 1.0000, -0.0000, 0.0000, 0.0000, 1.0000, 1.0000, -0.0000, -0.0000, 2.8699, 0.4000, -1.1100>
  }
  object {
   lg_3298
   texture { lg_black } matrix <0.0000, -1.0000, -0.0000, -0.0000, 0.0000, -1.0000, 1.0000, 0.0000, -0.0000, 2.8699, -0.4000, -1.1100>
  }
  object {
   lg_3956
   texture { lg_black } matrix <-0.0000, 0.0000, 1.0000, 0.0000, -1.0000, 0.0000, 1.0000, 0.0000, 0.0000, 3.1699, 0.0001, -1.1101>
  }
  object {
   lg_4262
   texture { lg_black } matrix <0.0000, -0.0000, 1.0000, -1.0000, 0.0000, 0.0000, -0.0000, -1.0000, -0.0000, 6.1900, -0.1300, 0.3200>
  }
  object {
   lg_4273
   texture { lg_black } matrix <-0.0000, -0.0000, 1.0000, 0.0000, 1.0000, 0.0000, -1.0000, 0.0000, 0.0000, 8.1900, 0.1500, -0.4700>
  }
  object {
   lg_4360
   texture { lg_black } matrix <-1.0000, 0.0000, 0.0000, 0.0000, 1.0000, 0.0001, 0.0000, 0.0001, -1.0000, 8.1700, 0.4800, -1.5300>
  }
  object {
   lg_3956
   texture { lg_black } matrix <-1.0000, 0.0000, 0.0000, 0.0000, 1.0000, 0.0001, 0.0000, 0.0001, -1.0000, -0.7876, 0.0113, -0.3200>
  }
  object {
   lg_3298
   texture { lg_black } matrix <-0.0000, -1.0000, -0.0000, 0.0000, -0.0000, 1.0000, -1.0000, 0.0000, 0.0000, -2.8575, -0.3886, -1.1100>
  }
  object {
   lg_3298
   texture { lg_black } matrix <-0.0000, 1.0000, -0.0000, -0.0000, -0.0000, -1.0000, -1.0000, -0.0000, 0.0000, -2.8575, 0.4114, -1.1100>
  }
  object {
   lg_3956
   texture { lg_black } matrix <-1.0000, 0.0000, 0.0000, 0.0000, -0.0000, -1.0000, 0.0000, -1.0000, 0.0000, -0.8000, 2.4000, -1.1300>
  }
  object {
   lg_3956
   texture { lg_black } matrix <1.0000, -0.0000, -0.0000, 0.0000, -0.0000, 1.0000, -0.0000, -1.0000, 0.0000, 0.8000, 2.4000, -1.1300>
  }
  object {
   lg_3956
   texture { lg_black } matrix <1.0000, 0.0000, -0.0000, -0.0000, -0.0000, -1.0000, -0.0000, 1.0000, 0.0000, 0.8000, -2.3800, -1.1300>
  }
  object {
   lg_3956
   texture { lg_black } matrix <-1.0000, 0.0000, 0.0000, 0.0000, -0.0000, 1.0000, 0.0000, 1.0000, 0.0000, -0.8000, -2.3800, -1.1300>
  }
  object {
   lg_4032
   texture { lg_yellow } matrix <1.0000, -0.0000, -0.0000, 0.0000, -0.0000, 1.0000, -0.0000, -1.0000, 0.0000, -0.0000, 2.7200, -1.1299>
  }
  object {
   lg_4032
   texture { lg_white } matrix <1.0000, 0.0000, -0.0001, 0.0000, -1.0000, 0.0000, -0.0001, 0.0000, -1.0000, 0.0000, 0.0000, 0.0000>
  }
  object {
   lg_4032
   texture { lg_white } matrix <1.0000, 0.0000, -0.0001, 0.0000, -1.0000, 0.0000, -0.0001, 0.0000, -1.0000, 0.0000, 0.0000, 0.3200>
  }
  object {
   lg_4477_clear
   texture { lg_clear_yellow } interior {lg_clear_int} matrix <-0.0000, 1.0000, -0.0000, 0.8660, -0.0000, -0.5001, -0.5001, -0.0000, -0.8660, -15.6171, 0.0110, 6.9500>
  }
  object {
   lg_4477_clear
   texture { lg_clear_yellow } interior {lg_clear_int} matrix <-0.0000, 1.0000, -0.0000, 0.8660, -0.0000, -0.5001, -0.5001, -0.0000, -0.8660, -8.6890, 0.0110, 2.9497>
  }
  object {
   lg_4477_clear
   texture { lg_clear_yellow } interior {lg_clear_int} matrix <-0.0000, 1.0000, -0.0000, 0.8660, -0.0000, -0.5001, -0.5001, -0.0000, -0.8660, -22.5451, 0.0110, 10.9503>
  }
  object {
   lg_3023
   texture { lg_grey } matrix <-0.0000, 1.0000, -0.0000, 0.8660, -0.0000, -0.5001, -0.5001, -0.0000, -0.8660, -19.2411, 0.0110, 8.6730>
  }
  object {
   lg_3023
   texture { lg_grey } matrix <-0.0000, 1.0000, -0.0000, 0.8660, -0.0000, -0.5001, -0.5001, -0.0000, -0.8660, -18.9211, 0.0109, 9.2272>
  }
  object {
   lg_3023
   texture { lg_grey } matrix <-0.0000, 1.0000, -0.0000, 0.8660, -0.0000, -0.5001, -0.5001, -0.0000, -0.8660, -12.3131, 0.0110, 4.6727>
  }
  object {
   lg_3023
   texture { lg_grey } matrix <-0.0000, 1.0000, -0.0000, 0.8660, -0.0000, -0.5001, -0.5001, -0.0000, -0.8660, -11.9930, 0.0109, 5.2269>
  }
  object {
   lg_3710
   texture { lg_grey } matrix <-0.0000, 1.0000, -0.0000, 0.8660, -0.0000, -0.5001, -0.5001, -0.0000, -0.8660, -5.3850, 0.0110, 0.6724>
  }
  object {
   lg_3710
   texture { lg_grey } matrix <-0.0000, 1.0000, -0.0000, 0.8660, -0.0000, -0.5001, -0.5001, -0.0000, -0.8660, -5.0650, 0.0109, 1.2266>
  }
  object {
   lg_4275
   texture { lg_grey } matrix <-0.0000, -1.0000, -0.0000, -0.8660, -0.0000, 0.5001, -0.5001, 0.0000, -0.8660, -4.5322, 0.0110, 0.5495>
  }
  object {
   lg_4276
   texture { lg_grey } matrix <-0.0000, 1.0000, -0.0000, -0.0000, -0.0000, -1.0000, -1.0000, -0.0000, 0.0000, -3.5422, -0.0191, -1.1007>
  }
  object {
   lg_3794
   texture { lg_black } matrix <-0.0000, 0.0000, -1.0000, 0.0000, -1.0000, 0.0000, -1.0000, 0.0000, 0.0000, -3.2222, -0.0191, -0.7007>
  }
  object {
   lg_3794
   texture { lg_black } matrix <-0.0000, 0.0000, -1.0000, 0.0000, -1.0000, 0.0000, -1.0000, 0.0000, 0.0000, -3.2222, -0.0191, -1.5007>
  }
  object {
   lg_2450
   texture { lg_black } matrix <-0.0000, -0.7072, -0.7070, 0.0000, -0.7070, 0.7072, -1.0000, 0.0000, 0.0000, -3.8265, -0.0146, -2.7126>
  }
  object {
   lg_4276
   texture { lg_black } matrix <-0.0000, -0.7073, 0.7069, 0.0000, 0.7069, 0.7073, -1.0000, 0.0000, 0.0000, -4.1931, -0.8363, -2.4030>
  }
  object {
   lg_4477_clear
   texture { lg_clear_yellow } interior {lg_clear_int} matrix <0.0001, 0.7068, -0.7074, 0.5002, 0.6125, 0.6121, 0.8659, -0.3539, -0.3535, -10.9436, -10.3653, -11.9472>
  }
  object {
   lg_4477_clear
   texture { lg_clear_yellow } interior {lg_clear_int} matrix <0.0001, 0.7068, -0.7074, 0.5002, 0.6125, 0.6121, 0.8659, -0.3539, -0.3535, -6.9430, -5.4665, -7.0485>
  }
  object {
   lg_3710
   texture { lg_grey } matrix <0.0001, 0.7068, -0.7074, 0.5002, 0.6125, 0.6121, 0.8659, -0.3539, -0.3535, -4.6656, -3.1302, -4.7123>
  }
  object {
   lg_3710
   texture { lg_grey } matrix <0.0001, 0.7068, -0.7074, 0.5002, 0.6125, 0.6121, 0.8659, -0.3539, -0.3535, -5.2199, -2.9039, -4.4860>
  }
  object {
   lg_4275
   texture { lg_grey } matrix <-0.0000, -0.7071, 0.7071, -0.5006, -0.6122, -0.6121, 0.8657, -0.3540, -0.3539, -4.5427, -2.5272, -4.1093>
  }
  object {
   lg_4276
   texture { lg_black } matrix <-0.0000, -0.7072, -0.7070, 0.0000, -0.7070, 0.7072, -1.0000, 0.0000, 0.0000, -4.1917, 0.8493, -2.4596>
  }
  object {
   lg_4477_clear
   texture { lg_clear_yellow } interior {lg_clear_int} matrix <0.0002, 0.7074, 0.7068, 0.5000, -0.6122, 0.6125, 0.8660, 0.3533, -0.3538, -10.9417, 10.3936, -11.9889>
  }
  object {
   lg_4477_clear
   texture { lg_clear_yellow } interior {lg_clear_int} matrix <0.0002, 0.7074, 0.7068, 0.5000, -0.6122, 0.6125, 0.8660, 0.3533, -0.3538, -6.9414, 5.4949, -7.0899>
  }
  object {
   lg_3710
   texture { lg_grey } matrix <0.0002, 0.7074, 0.7068, 0.5000, -0.6122, 0.6125, 0.8660, 0.3533, -0.3538, -4.6641, 3.1586, -4.7536>
  }
  object {
   lg_3710
   texture { lg_grey } matrix <0.0002, 0.7074, 0.7068, 0.5000, -0.6122, 0.6125, 0.8660, 0.3533, -0.3538, -5.2184, 2.9323, -4.5273>
  }
  object {
   lg_4275
   texture { lg_grey } matrix <-0.0001, -0.7070, -0.7072, -0.5012, 0.6120, -0.6118, 0.8653, 0.3544, -0.3544, -4.5412, 2.5556, -4.1506>
  }
  object {
   lg_3957
   texture { lg_grey } matrix <-0.0000, -0.7072, -0.7070, 0.0000, -0.7070, 0.7072, -1.0000, 0.0000, 0.0000, -4.2865, -0.0145, -2.7126>
  }
  object {
   lg_3941
   texture { lg_black } matrix <-0.0000, -0.7072, -0.7070, 0.0000, -0.7070, 0.7072, -1.0000, 0.0000, 0.0000, -6.8065, -0.0145, -2.7125>
  }
  object {
   lg_3941
   texture { lg_black } matrix <-0.0000, -0.7072, -0.7070, 0.0000, -0.7070, 0.7072, -1.0000, 0.0000, 0.0000, -7.9065, -0.0145, -2.7125>
  }
  object {
   lg_3941
   texture { lg_black } matrix <-0.0000, -0.7072, -0.7070, 0.0000, -0.7070, 0.7072, -1.0000, 0.0000, 0.0000, -9.0065, -0.0144, -2.7124>
  }
  rotate -x*90
  scale 1/10
}